tree
version=v4
num_class=1
num_tree_per_iteration=1
label_index=0
max_feature_idx=199
objective=binary sigmoid:1
feature_names=PLUS_MINUS_RANK W_RANK L_RANK W_PCT_RANK W_PCT PLUS_MINUS L_RANK.1 PLUS_MINUS_RANK.1 W_PCT.1 PLUS_MINUS.1 W_PCT_RANK.1 mental_edge home_momentum_long FG_PCT_RANK BLKA_RANK away_momentum_long home_momentum_medium home_mental_toughness W away_momentum_medium BLKA.1 FG_PCT_RANK.1 FG3_PCT_RANK.1 momentum_differential L.1 FG_PCT W.1 FG3M_RANK AST_RANK home_momentum_composite FGM_RANK matchup_favorability home_choke_tendency DREB_RANK away_open_shot_pct PTS_RANK.1 BLKA_RANK.1 REB.1 away_mental_toughness home_momentum_short FG_PCT.1 FT_PCT_RANK.1 home_role_player_efficiency current_total home_comeback_ability away_rotation_stability home_star_player_usage home_rim_rate TOV_RANK.1 FG3A.1 home_pressure_performance away_rim_pct W_RANK.1 away_bench_quality_score home_mid_range_pct PTS_RANK FG3M_RANK.1 away_mid_range_pct AST.1 FG3M.1 away_comeback_ability PTS.1 away_depth_chart_strength REB_RANK FTM_RANK FG3_PCT_RANK ball_security_advantage GP_RANK FGA_RANK PTS style_clash home_momentum_immediate away_momentum_immediate home_mid_range_rate line_stability spread_movement GP home_bench_quality_score TOV_RANK PF away_clutch_factor BLK_RANK PF_RANK.1 FG3A_RANK.1 away_pressure_performance FG3_PCT.1 away_star_player_usage BLKA away_avg_margin home_four_factors_consistency home_three_point_pct AST_RANK.1 home_rotation_stability home_starting_lineup_continuity L away_net_rating_starters OREB home_three_point_heavy home_style_versatility public_side_pct DREB.1 home_margin_immediate home_assisted_pct total_movement BLK_RANK.1 DREB_RANK.1 away_chemistry_index away_three_point_pct Days-Rest-Away away_pace_consistency FGA.1 away_margin_medium home_chemistry_index away_scoring_long away_assisted_pct away_pace style_similarity PF_RANK home_inside_heavy STL FTA_RANK.1 home_rim_volume PFD_RANK away_three_point_rate away_lineup_plus_minus PFD_RANK.1 away_momentum_short GP.1 away_q4_avg_performance clutch_advantage TOV.1 away_shooting_efficiency MIN FTM.1 away_three_point_volume away_mid_range_rate market_efficiency OREB.1 shooting_advantage home_momentum_trend away_starting_lineup_continuity away_inside_heavy FGA_RANK.1 away_choke_tendency OREB_RANK.1 pace_total away_momentum_trend FGM home_net_rating_bench FGM.1 FG3A PFD home_lineup_plus_minus home_four_factors_efg AST DREB FGM_RANK.1 STL_RANK home_avg_margin home_net_rating_starters home_clutch_factor FG3A_RANK away_three_point_heavy FTA pace_differential reverse_line_movement home_q4_consistency FG3_PCT away_role_player_efficiency home_margin_consistency home_shot_versatility FTM away_shot_versatility home_scoring_short TOV away_net_rating_bench MIN_RANK.1 FT_PCT FT_PCT.1 home_open_shot_pct away_margin_consistency home_shooting_efficiency OREB_RANK home_hot_streak away_margin_immediate away_q4_consistency home_q4_avg_performance home_scoring_immediate STL.1 FT_PCT_RANK REB GP_RANK.1 MIN_RANK FTM_RANK.1 home_scoring_medium home_margin_short home_rim_pct home_depth_chart_strength contrarian_value home_four_factors_efficiency_score
feature_infos=[1:30] [1:30] [1:30] [1:30] [0:1] [-48:29] [1:30] [1:30] [0:1] [-32.5:48] [1:30] [-0.33500000000000002:0.22625000000000001] [0.19277496385659632:0.9854695652173916] [1:30] [1:30] [0.19162997365981377:0.96485915570396319] [0.19277496385659632:0.9854695652173916] [0.28750000000000003:0.64999999999999991] [0:73] [0.19162997365981377:0.96485915570396319] [0:13] [1:30] [1:30] [-0.73506086956521743:0.73350694338555367] [0:71] [0.29799999999999999:0.56000000000000005] [0:73] [1:30] [1:30] [0.19277496385659632:0.9854695652173916] [1:30] [-0.3818695652173914:0.27530231446185122] [0:0.5] [1:30] [0.50000648965181627:0.69997712108219456] [1:30] [1:30] [31:62] [0.28750000000000003:0.64999999999999991] [0.19208078276791235:1.0044473244090542] [0.309:0.57099999999999995] [1:30] [0.50004779595777782:0.79998250162480877] [180.7756421312817:260.27367717557019] [0:0.5] [0.50004529311055212:0.89999482020583899] [0.25000142598839953:0.34999566178010943] [0.25000612401255801:0.34999672269864956] [1:30] [9:48] [0.2534391402489683:0.6794] [0.60000198572766805:0.69999696475680739] [1:30] [0.40003362405797721:0.7999962795222616] [0.38000623801354677:0.44999601853992932] [1:30] [1:30] [0.38000229875671304:0.4499976709621028] [9:35] [0:19] [0:0.5] [76:138] [0.50003195216733209:0.84999327704948402] [1:30] [1:30] [1:30] [-8.3266726846886741e-17:8.3266726846886741e-17] [1:30] [1:30] [76:140] [0:0.99662553374603347] [0.18821233625142952:1.0314928175649112] [0.19151761936798328:1.0459945172976419] [0.15098088750177679:0.39770095558838103] [0.13654552504198181:0.99994620541315649] [-6.3235647941779387:5.1145582630167352] [1:82] [0.40001706157895084:0.79998863008120102] [1:30] [11:34] [0.22003721427443823:0.71120000000000017] [1:30] [1:30] [1:30] [0.25376860713721916:0.67520000000000002] [0:0.59999999999999998] [0.25003515026707385:0.34999964870936345] [0:12] [-8.6400000000000148:9.0800000000000125] [0.5:0.80662502562797678] [0.33000139919419713:0.39999384809242988] [1:30] [0.50009893698801355:0.89999469182181457] [0.6000217165717624:0.94995266035123693] [0:69] [-24.842742968274536:30.182637188627723] [3:26] [5.8231539912245722e-07:0.99982055647010171] [1.1646307982449144e-06:1] [0.10000000000000001:0.90000000000000002] [19:50] [-11.096952362309667:10.416803313433388] [0.55000408276779744:0.69999021335792866] [-7.5243576416787903:7.7538166290295578] [1:30] [1:30] [0.60004758888668674:0.94998891043176159] [0.33000747197824964:0.39999999687218357] [1:9] [0.13690535875968066:1] [70:108] [-8.6609607133925159:9.0800000000000125] [0.60000143691542507:0.94998637124612306] [72.799999999999997:127.93877149588259] [0.55000188608941469:0.6999975787297964] [63.636363636363633:115.59090909090909] [0.0033744662539665349:1] [1:30] [0.00017944352989829326:0.99999941768460088] [3:18] [1:30] [22.500551161130222:31.49970504287846] [1:30] [0.35000053424044825:0.499991435012208] [-19.97426800345151:20.108210830651352] [1:30] [0.19162997365981377:0.99973038602152253] [1:82] [-8.1387941117985267:6.0477054394885776] [-0.4156899742264436:0.27221476067008227] [8:24] [0.48630667792134274:0.60281050980051121] [48:58] [6:33] [31.500048081640344:44.999229151098717] [0.15104696867191608:0.39850159521217349] [0.48853116845628042:0.99998296921255081] [2:21] [-0.68120000000000025:0.62711219512195138] [-0.38111327515265586:0.36392144001091153] [0.60000668644654431:0.9499169635885587] [4.5391170666264635e-05:0.99999411902373736] [1:30] [0:0.5] [1:30] [75.045454545454533:111.99999999999999] [-0.35872483420074286:0.3870616007215324] [24:54] [-23.387933415034595:19.969720442682444] [29:53] [10:57] [14:34] [-22.305007526313673:20.949222300750485] [0.52000000000000002:1.2012000000000003] [10:38] [21:47] [1:30] [1:30] [-8.7866666666666813:8.9200000000000159] [-26.872521361517801:33.112811246607137] [0.21937828049793662:0.70880000000000021] [1:30] [5.8809762626399475e-06:0.99995460882933374] [8.5:46] [-39.999999999999993:22.818181818181806] [0:1] [0.13521589454113439:1] [0.156:0.59099999999999997] [0.5000190809659415:0.79999951353763477] [0.09207252953056777:1] [0.69999999999999996:0.98785613417902107] [5:33] [0.69999999999999996:0.98795348026398311] [72.280000000000001:133.66325496221921] [7:27] [-25.614758401434415:19.783566456018047] [1:30] [0.47399999999999998:1] [0.52200000000000002:1] [0.50000622090491154:0.69991979801782489] [0.092045844887408051:1] [0.48625659037145574:0.6010371898882052] [1:30] [0:1] [-10.579392604219969:10.599190201868057] [0.13084632852715847:1] [-6.7336916913614235:6.9851446710596807] [72.280000000000001:136.97318350524208] [2:16] [1:30] [28:62] [1:30] [1:30] [1:30] [72.280000000000001:126.82368489767391] [-10.13786045585536:10.281788843247639] [0.60000574080504632:0.69999941819293243] [0.5000036001249476:0.84999454087472248] [0:1] [0.55000000000000004:0.8860300000000001]
tree_sizes=1787 1840 1846 1826 1830 1857 1850 1849 1812 1739 1840 1855 1643 1861 1841 1857 1636 1850 1830 1738 1848 1855 1847 1525 1647 1536 1865 1643 1757 1207 1736 1522 1530 1635 1534 1853 1865 1634 1858 1865

Tree=0
num_leaves=16
num_cat=0
split_feature=0 9 9 5 6 0 7 5 4 6 133 33 7 58 20
split_gain=541.794 231.303 178.564 95.171 74.1315 59.9375 45.3741 38.9777 24.5468 22.7719 20.6868 18.128 15.7616 13.9375 8.16618
threshold=14.500000000000002 -1.5499999999999998 3.7500000000000004 -4.8499999999999988 22.500000000000004 23.500000000000004 7.5000000000000009 2.7500000000000004 0.66900000000000015 27.500000000000004 14.950000000000001 4.5000000000000009 25.500000000000004 20.850000000000005 5.2500000000000009
decision_type=2 2 2 2 2 2 2 2 2 2 2 2 2 2 2
left_child=2 3 4 9 7 6 -3 -1 13 -2 -7 -10 -5 -4 -6
right_child=1 5 8 12 14 10 -8 -9 11 -11 -12 -13 -14 -15 -16
leaf_value=0.33253231374555831 0.25585645530089146 0.23452006137776471 0.34931906899203691 0.33474211367964712 0.39907174217468411 0.29809880940722411 0.29043276679464702 0.37683786348263976 0.37655867713440244 0.33997927668957267 0.21638003822890234 0.31011218092214676 0.37431485978577372 0.2783117343912111 0.43242532249850912
leaf_weight=258.74774359166622 149.49322360754013 198.26759304106236 25.850373819470406 185.34229721128941 120.47251556813717 29.020707800984383 329.71420370042324 491.88878940045834 52.676244765520096 32.922650754451752 377.02531389892101 100.96279799938202 162.17453978955746 219.48433917760849 152.17581070959568
leaf_count=1061 613 813 106 760 494 119 1352 2017 216 135 1546 414 665 900 624
internal_value=0.315736 0.276401 0.356224 0.324972 0.376606 0.248822 0.269383 0.361599 0.304003 0.271165 0.22216 0.332776 0.353285 0.285894 0.417806
internal_weight=2886.22 1463.96 1422.26 529.933 1023.28 934.028 527.982 750.637 398.974 182.416 406.046 153.639 347.517 245.335 272.648
internal_count=11835 6003 5832 2173 4196 3830 2165 3078 1636 748 1665 630 1425 1006 1118
is_linear=0
shrinkage=1


Tree=1
num_leaves=16
num_cat=0
split_feature=0 8 6 5 9 9 6 5 3 9 6 0 26 71 18
split_gain=447.213 190.817 154.298 99.8962 51.3996 41.26 35.5119 30.1242 26.9166 26.2449 24.8907 24.6101 20.3287 15.5101 7.62036
threshold=14.500000000000002 0.52250000000000008 12.500000000000002 -4.7499999999999991 5.0500000000000007 -2.4499999999999997 22.500000000000004 -5.9499999999999993 10.500000000000002 7.4500000000000011 27.500000000000004 3.5000000000000004 7.5000000000000009 0.81355889034801432 21.500000000000004
decision_type=2 2 2 2 2 2 2 2 2 2 2 2 2 2 2
left_child=2 3 4 10 8 -5 11 12 -1 -9 -2 -4 -3 -6 -8
right_child=1 7 6 5 13 -7 14 9 -10 -11 -12 -13 -14 -15 -16
leaf_value=0.039938040971736713 -0.059068879733620017 -0.044156652557993732 0.092050626140601374 0.043368489277238326 -0.033318764027948207 -0.0089929966782859184 0.07540452069394793 -0.049875885655958095 -0.012437515964352597 -0.10498304263877305 0.025006086481243701 0.0391162156556005 -0.12136229047329326 0.025245691765453163 0.10810307552238962
leaf_weight=330.63836312294006 247.74550139904022 38.205324828624725 97.992392241954803 277.75314500927925 233.69995793700218 235.12789283692837 112.27568435668945 412.47977562248707 110.43284301459789 90.540464550256729 33.519240379333496 326.25208407640457 136.08816570043564 45.385791093111038 155.36357378959656
leaf_count=1365 1006 155 406 1147 956 961 469 1678 454 367 138 1347 551 186 649
internal_value=2.35483e-05 -0.035503 0.0370606 -0.00483798 0.00717895 0.0193237 0.0681257 -0.0714188 0.0267748 -0.0598582 -0.0489655 0.0514145 -0.104601 -0.0237101 0.0945027
internal_weight=2883.5 1471.46 1412.04 794.146 720.157 512.881 691.884 677.314 441.071 503.02 281.265 424.244 174.293 279.086 267.639
internal_count=11835 6003 5832 3252 2961 2108 2871 2751 1819 2045 1144 1753 706 1142 1118
is_linear=0
shrinkage=0.0921117


Tree=2
num_leaves=16
num_cat=0
split_feature=4 9 8 0 5 6 1 9 8 6 40 149 0 5 20
split_gain=377.096 189.156 107.343 63.1094 51.1657 43.0456 28.6259 27.1091 24.8549 21.2417 18.3085 18.0548 16.7725 14.9153 10.0616
threshold=0.45950000000000008 1.5500000000000003 0.51350000000000018 9.5000000000000018 -4.7499999999999991 19.500000000000004 6.5000000000000009 5.0500000000000007 0.37050000000000005 27.500000000000004 0.47850000000000004 40.250000000000007 23.500000000000004 -3.8499999999999992 3.6500000000000008
decision_type=2 2 2 2 2 2 2 2 2 2 2 2 2 2 2
left_child=2 5 4 7 9 6 -2 -3 -6 -1 -5 -7 13 -4 -14
right_child=1 3 12 10 8 11 -8 -9 -10 -11 -12 -13 14 -15 -16
leaf_value=-0.054173430276267885 0.05981928809886889 0.038603625605342938 0.034984869443624292 -0.025671349500091426 0.037956660900871159 0.078593415860799362 0.015659559192103097 -0.0096175728813169929 -0.013204104376688067 0.025405022894471101 -0.076960350751254833 0.022383029844304327 -0.13541221321960115 -0.059326236016496864 -0.080302473113373407
leaf_weight=234.69028151035309 214.34405003488064 217.24366107583046 14.833178177475927 273.59350283443928 146.64589375257492 436.28560225665569 301.76381196081638 180.40911886096001 177.75263199210167 31.922031402587891 76.29042261838913 55.93521511554718 33.33966264128685 222.24307662248611 259.18357434868813
leaf_count=947 897 903 60 1114 611 1841 1245 737 729 132 309 234 134 900 1042
internal_value=4.54997e-05 0.0266962 -0.041692 -0.0083907 -0.0146541 0.0527283 0.0340505 0.0166742 0.00986018 -0.0445565 -0.0369371 0.0722566 -0.0718147 -0.0533198 -0.0867045
internal_weight=2876.48 1755.87 1120.61 747.537 591.011 1008.33 516.108 397.653 324.399 266.612 349.884 492.221 529.599 237.076 292.523
internal_count=11835 7280 4555 3063 2419 4217 2142 1640 1340 1079 1423 2075 2136 960 1176
is_linear=0
shrinkage=0.0921117


Tree=3
num_leaves=16
num_cat=0
split_feature=0 10 6 2 9 0 6 7 10 5 4 26 24 25 17
split_gain=314.62 129.773 113.104 56.7185 36.2527 32.0606 28.0759 25.6839 21.2059 20.7202 19.3982 18.8401 16.0296 12.8584 7.78387
threshold=14.500000000000002 17.500000000000004 12.500000000000002 21.500000000000004 5.9500000000000011 23.500000000000004 22.500000000000004 7.5000000000000009 27.500000000000004 3.3500000000000001 0.6625000000000002 3.5000000000000004 37.500000000000007 0.47550000000000003 0.46519230769230774
decision_type=2 2 2 2 2 2 2 2 2 2 2 2 2 2 2
left_child=2 5 4 12 10 7 9 -2 -5 -4 -1 -7 -3 -6 -8
right_child=1 3 6 8 13 11 14 -9 -10 -11 -12 -13 -14 -15 -16
leaf_value=0.0048360964176932791 -0.061876896261492419 0.019933419584869636 0.019062505926734474 -0.037645728886194468 -0.036111620177135012 0 0.037650393565112156 -0.019200625623100761 0.026239930634352083 0.061036850499606755 0.042229550294508221 -0.077829769805326424 0.070828897480692099 0.015948903532394216 0.088669547415031955
leaf_weight=289.23061449825764 202.20735576748848 237.60431753098965 172.19415441155434 233.50324600934982 176.45478740334511 28.136816367506981 30.610177963972092 298.55267295241356 53.839724361896515 243.90478381514549 200.22766377031803 354.25180448591709 68.231227174401283 51.413307338953018 226.18684235215187
leaf_count=1194 812 988 718 948 717 113 133 1212 224 1035 840 1420 286 210 985
internal_value=6.05099e-05 -0.0295436 0.0315139 0.00374462 0.00603127 -0.0519248 0.0586412 -0.0364866 -0.0255936 0.0437286 0.0201837 -0.0720691 0.0313803 -0.0242667 0.0826915
internal_weight=2866.55 1476.33 1390.22 593.179 717.326 883.149 672.896 500.76 287.343 416.099 489.458 382.389 305.836 227.868 256.797
internal_count=11835 6003 5832 2446 2961 3557 2871 2024 1172 1753 2034 1533 1274 927 1118
is_linear=0
shrinkage=0.0921117


Tree=4
num_leaves=16
num_cat=0
split_feature=1 6 6 0 12 7 59 7 0 0 0 7 20 7 18
split_gain=265.487 128.64 79.1447 42.6031 35.5149 24.6102 21.8718 20.9033 19.0958 18.8164 18.5848 16.5616 14.0714 12.0089 11.2384
threshold=16.500000000000004 13.500000000000002 16.500000000000004 8.5000000000000018 0.44828383565524671 3.5000000000000004 11.15 25.500000000000004 4.5000000000000009 25.500000000000004 22.500000000000004 25.500000000000004 5.8500000000000005 8.5000000000000018 5.5000000000000009
decision_type=2 2 2 2 2 2 2 2 2 2 2 2 2 2 2
left_child=1 3 9 6 10 -5 -1 8 -3 13 -4 -6 -11 -2 -9
right_child=2 7 4 5 11 -7 -8 14 -10 12 -12 -13 -14 -15 -16
leaf_value=0.034109276983771919 -0.057445907970632308 0.072032241472000533 0.031886077834559511 -0.060737173331376258 -0.0037010634319559602 -0.0084803578821486328 -0.0090559472076337834 0.018701970310886332 0.031204832616499149 -0.079153010467773066 -0.058567677959710539 0.038635384536363414 -0.0071174384495349763 -0.026807090651403704 0.081865954573817221
leaf_weight=306.55584423243999 205.17149296402931 129.94394674897194 22.774153530597687 97.900946572422981 204.62137036025524 354.83894613385201 146.40667276084423 28.160028681159019 404.13975271582603 240.73671504855156 114.19752091169357 126.17041249573231 26.212852984666824 239.92879804968834 206.64632822573185
leaf_count=1284 823 567 95 394 838 1447 608 121 1711 964 463 531 105 971 913
internal_value=7.69107e-05 0.0236634 -0.0333815 0.000115329 -0.00389402 -0.0198404 0.0201099 0.051369 0.0411915 -0.0527182 -0.0433545 0.0123873 -0.0721676 -0.0409898 0.0743962
internal_weight=2854.41 1674.59 1179.81 905.702 467.763 452.74 452.963 768.89 534.084 712.05 136.972 330.792 266.95 445.1 234.806
internal_count=11835 7045 4790 3733 1927 1841 1892 3312 2278 2863 558 1369 1069 1794 1034
is_linear=0
shrinkage=0.0921117


Tree=5
num_leaves=16
num_cat=0
split_feature=0 9 6 9 5 7 12 1 131 100 17 71 53 58 138
split_gain=222.746 94.0005 82.2076 40.9171 39.5183 28.4878 26.3981 23.1323 16.531 12.1827 12.1821 11.9507 10.6114 9.68382 8.81129
threshold=14.500000000000002 -2.4499999999999997 19.500000000000004 5.0500000000000007 -4.8499999999999988 7.5000000000000009 0.56068509251213883 6.5000000000000009 0.57434872554314575 33.750000000000007 0.46381944444444451 0.81355889034801432 0.43997481590219306 25.150000000000002 -0.00025488472312507055
decision_type=2 2 2 2 2 2 2 2 2 2 2 2 2 2 2
left_child=2 4 3 7 9 8 -7 -1 -3 -2 14 -5 -6 -12 -4
right_child=1 5 10 11 12 6 -8 -9 -10 -11 13 -13 -14 -15 -16
leaf_value=0.041480292904131952 -0.010368475447150957 -0.06546967627902657 0.046905352706982366 -0.024612201364323683 -0.016373336082720982 -0.041290584315254023 -0.0028397627078699363 0.0084478439263178436 0.021958754374214878 -0.070130679312517388 0.07515849559895639 0.026631741761148409 0.039025242336136787 0.013429978040874608 -0.045038487739131605
leaf_weight=361.09271182119846 113.09574347734451 338.81825749576092 25.745284095406532 237.81747238337994 32.698186874389648 460.45094864070415 227.67142656445503 362.46506540477276 18.960652351379395 39.393510937690735 296.91527107357979 45.615869879722595 243.2888976931572 24.256753608584404 13.16018286347389
leaf_count=1553 458 1358 114 964 139 1856 924 1512 76 159 1338 187 1033 106 58
internal_value=8.26322e-05 -0.0247424 0.0268723 0.0133347 0.0115535 -0.0396326 -0.0286032 0.0249668 -0.0607698 -0.0259888 0.0646557 -0.0162805 0.0323783 0.0705708 0.0152024
internal_weight=2841.45 1474.38 1367.07 1006.99 428.476 1045.9 688.122 723.558 357.779 152.489 360.077 283.433 275.987 321.172 38.9055
internal_count=11835 6003 5832 4216 1789 4214 2780 3065 1434 617 1616 1151 1172 1444 172
is_linear=0
shrinkage=0.0921117


Tree=6
num_leaves=16
num_cat=0
split_feature=2 6 8 0 12 15 24 5 9 12 112 11 30 63 100
split_gain=189.457 111.552 46.8713 42.0335 25.5181 21.5416 19.9266 18.7454 17.0292 16.0308 14.2634 12.1043 11.8643 11.186 11.1091
threshold=19.500000000000004 13.500000000000002 0.35850000000000004 9.5000000000000018 0.64524393320767059 0.69687838579785522 28.500000000000004 -6.0499999999999989 5.0500000000000007 0.44182878453249791 0.73672975005310459 -0.016249999999999955 5.5000000000000009 10.500000000000002 32.350000000000001
decision_type=2 2 2 2 2 2 2 2 2 2 2 2 2 2 2
left_child=1 3 9 8 6 -5 -3 11 -1 13 -9 -4 -6 -2 -11
right_child=2 4 7 5 12 -7 -8 10 -10 14 -12 -13 -14 -15 -16
leaf_value=0.027950612231748575 0.043199742748418812 0.013278531165066542 -0.077557443744380561 -0.0089647161422948211 0.086207752578413135 -0.04784161741610729 0.049699351786874887 -0.054870847903713341 -0.0072251929985000084 0.054807523079986778 -0.019980828163621085 -0.03399719581677621 0.048438367705495124 -0.054183265246005856 -0.00030539148956689263
leaf_weight=324.57734812796116 12.397528201341627 326.27813129127026 196.10714465379715 385.62170742452145 103.83498957753181 177.43221990764141 211.66355653107166 168.32057450711727 180.96990366280079 56.81057633459568 250.60967268049717 78.00977036356926 241.50286909937859 46.665841996669769 66.50203512609005
leaf_count=1389 51 1405 789 1562 472 715 931 679 737 239 1011 313 1074 190 278
internal_value=8.8997e-05 0.0160653 -0.0355049 -0.00393637 0.040286 -0.0212615 0.0276568 -0.0464407 0.0153163 0.00593419 -0.0340619 -0.0652587 0.059881 -0.03333 0.0249314
internal_weight=2827.3 1951.88 875.423 1068.6 883.28 563.054 537.942 693.047 505.547 182.376 418.93 274.117 345.338 59.0634 123.313
internal_count=11835 8285 3550 4403 3882 2277 2336 2792 2126 758 1690 1102 1546 241 517
is_linear=0
shrinkage=0.0921117


Tree=7
num_leaves=16
num_cat=0
split_feature=1 6 6 61 0 7 12 154 139 14 59 5 67 100 42
split_gain=159.489 80.7451 48.702 25.9002 23.9319 23.596 23.0934 20.4644 14.8389 14.7343 14.9306 13.8486 13.5985 13.0963 12.2577
threshold=16.500000000000004 11.500000000000002 16.500000000000004 111.95000000000002 3.5000000000000004 20.500000000000004 0.45011823339817497 24.750000000000004 0.13289283460939147 18.500000000000004 6.1500000000000012 -2.5499999999999994 15.500000000000002 32.750000000000007 0.68677775714830835
decision_type=2 2 2 2 2 2 2 2 2 2 2 2 2 2 2
left_child=1 3 9 7 14 -6 11 -1 -5 12 -11 -4 -2 -8 -3
right_child=2 4 6 8 5 -7 13 -9 -10 10 -12 -13 -14 -15 -16
leaf_value=-0.0007778487373431241 -0.042302097264394205 0.093844352855637955 -0.04447920785117955 -0.038126560709976685 0.012943202712584423 0.047276410848288472 0.029744394335399316 0.042154638332532975 0.037304127091833415 0.011575745586898936 -0.058743944165012163 0.042861806916703472 -0.0044331383603599343 -0.0072279947976722483 0.03927322990116161
leaf_weight=466.10460287332535 197.83599142730236 89.781826317310333 124.16271069645882 192.00637464225292 320.15947166085243 367.24279801547527 159.64722514152527 117.66189202666283 24.633518055081367 27.068523973226547 347.23746344447136 17.245207771658897 137.95026756823063 163.97470842301846 60.418925270438194
leaf_count=1927 797 419 502 785 1369 1666 673 496 101 109 1401 73 556 679 282
internal_value=9.00797e-05 0.0186741 -0.0257949 -0.002221 0.0386655 0.031322 -0.00257107 0.00784367 -0.0294341 -0.0409703 -0.053598 -0.0336483 -0.0268163 0.0109466 0.0720817
internal_weight=2813.13 1638.01 1175.12 800.406 837.603 687.402 465.03 583.766 216.64 710.092 374.306 141.408 335.786 323.622 150.201
internal_count=11835 7045 4790 3309 3736 3035 1927 2423 886 2863 1510 575 1353 1352 701
is_linear=0
shrinkage=0.0921117


Tree=8
num_leaves=16
num_cat=0
split_feature=0 7 6 5 9 16 0 9 11 62 7 7 138 3 37
split_gain=137.094 60.4272 55.8957 30.5599 26.1461 17.1852 16.085 15.9881 14.0768 13.5215 12.8171 11.1369 13.8023 9.65022 8.48199
threshold=14.500000000000002 13.500000000000002 19.500000000000004 -4.8499999999999988 5.9500000000000011 0.69528951097687941 28.500000000000004 -2.4499999999999997 -0.02625000000000002 0.80279951446042597 3.5000000000000004 26.500000000000004 -0.0022597785453939419 2.5000000000000004 45.250000000000007
decision_type=2 2 2 2 2 2 2 2 2 2 2 2 2 2 2
left_child=2 6 4 8 5 -1 10 -5 -3 -8 -2 12 -4 -6 -13
right_child=1 3 11 7 13 -7 9 -9 -10 -11 -12 14 -14 -15 -16
leaf_value=0.0093502462933069824 -0.059417196107489911 -0.055388095432931488 0.064850844838384866 0.026490425044811684 0.021327548774390668 0.039357967264314862 -0.098851170478608599 -0.0059444127607879748 -0.011977056213536676 0 -0.027079737916298304 0.082518015116455609 0.017139127078829901 -0.026080480355430851 0
leaf_weight=529.33701261878014 138.19442451000214 95.220900177955627 100.88198979198933 270.51606012880802 44.743261858820915 235.14409407973289 61.424933731555939 244.55598650872707 194.93000102043152 13.979005515575407 446.14895570278168 118.56935632228851 108.36112587153912 185.35151523351669 12.174653887748716
leaf_count=2256 559 384 471 1172 183 1029 251 996 787 57 1797 580 506 748 59
internal_value=9.47202e-05 -0.019352 0.021458 -0.00238827 0.0104064 0.0186131 -0.0400192 0.0110495 -0.0263142 -0.0802691 -0.0347743 0.0537098 0.0402683 -0.0167605 0.0750044
internal_weight=2799.53 1464.97 1334.56 805.223 994.576 764.481 659.747 515.072 290.151 75.4039 584.343 339.987 209.243 230.095 130.744
internal_count=11835 6003 5832 3339 4216 3285 2664 2168 1171 308 2356 1616 977 931 639
is_linear=0
shrinkage=0.0921117


Tree=9
num_leaves=15
num_cat=0
split_feature=2 6 1 8 15 24 20 1 17 7 194 114 184 41
split_gain=115.787 69.8521 35.448 30.5201 23.015 18.7036 17.2989 16.132 15.1212 14.3084 12.5493 11.5767 11.5513 8.88722
threshold=19.500000000000004 19.500000000000004 6.5000000000000009 0.56850000000000012 0.70155412171918419 36.500000000000007 4.1500000000000012 10.500000000000002 0.43937500000000002 25.500000000000004 115.93304968661811 0.67104635324985196 3.7393819701178588 6.5000000000000009
decision_type=2 2 2 2 2 2 2 2 2 2 2 2 2 2
left_child=1 2 6 8 -4 7 -1 -3 11 -10 12 -2 -5 -7
right_child=3 5 4 10 -6 13 -8 -9 9 -11 -12 -13 -14 -15
leaf_value=-0.006924740660827251 -0.061714191871372968 0.0496244957441975 -0.00019092851931114732 -0.046266561534612852 -0.034420238237367735 0.0016313575286415699 0.032218663887766778 0.0099422160646823621 -0.016635879820716414 0.021838506135167798 0.020418712210483719 0.01712942145565767 -0.092667095675446426 0.078304459882436894
leaf_weight=127.98135277628899 83.151295900344849 185.5944347679615 701.41552798449993 234.34761507809162 219.04680453240871 14.896175220608709 370.52155236899853 166.61363027989864 348.1146010607481 106.7961068302393 19.156104728579521 18.949427723884583 58.380421817302704 129.34625151753426
leaf_count=543 338 897 2894 955 890 71 1623 744 1410 454 78 77 238 623
internal_value=9.59122e-05 0.0127551 0.0023331 -0.0277832 -0.00836354 0.0424924 0.0221258 0.0309236 -0.0148048 -0.00755217 -0.0508787 -0.046863 -0.0556253 0.0705458
internal_weight=2784.31 1915.42 1418.97 868.896 920.462 496.45 498.503 352.208 557.011 454.911 311.884 102.101 292.728 144.242
internal_count=11835 8285 5950 3550 3784 2335 2166 1641 2279 1864 1271 415 1193 694
is_linear=0
shrinkage=0.0921117


Tree=10
num_leaves=16
num_cat=0
split_feature=0 7 6 0 6 5 5 4 191 26 9 173 20 142 17
split_gain=97.4817 43.6112 42.1002 24.2806 22.6343 22.383 13.1966 14.8593 12.5913 11.7614 11.5131 10.6123 8.88031 12.3807 7.17459
threshold=14.500000000000002 13.500000000000002 22.500000000000004 1.5000000000000002 5.5000000000000009 -4.8499999999999988 -5.9499999999999993 0.27850000000000008 2.5000000000000004 4.5000000000000009 -2.4499999999999997 116.03395674942379 5.2500000000000009 25.500000000000004 0.46937500000000004
decision_type=2 2 2 2 2 2 2 2 2 2 2 2 2 2 2
left_child=2 6 3 11 -5 8 9 -8 -3 -2 -7 -1 13 -4 -14
right_child=1 5 12 4 -6 10 7 -9 -10 -11 -12 -13 14 -15 -16
leaf_value=0.072802110895460848 0.0071616261825608752 0.023645942061703146 0.047363253857489081 -0.013265622720123287 0.016332697617494403 0.022924297287972673 0.045144385007462852 -0.029933852704429959 -0.030356842438819479 -0.066381925051343799 -0.0046726728521411095 -0.022437085667578356 0.017179344839105118 -0.046181280724175135 0.081510302110146288
leaf_weight=69.845540553331375 20.58877258002758 42.464862883090973 84.428664281964302 319.49211296439171 694.30589184165001 267.01616853475571 23.16622269153595 470.38189160823822 246.96193510293961 141.1340561658144 244.61041790246964 11.128457814455031 18.288012638688087 13.673165947198866 102.84912109375
leaf_count=318 83 172 425 1309 3037 1172 94 1900 999 587 996 50 90 69 534
internal_value=9.59041e-05 -0.0163083 0.0182934 0.0108874 0.00698283 -0.00186163 -0.0339323 -0.0263564 -0.0223518 -0.0568844 0.00968875 0.0594294 0.0551521 0.0340659 0.072003
internal_weight=2770.34 1456.32 1314.01 1094.77 1013.8 801.053 655.271 493.548 289.427 161.723 511.627 80.974 219.239 98.1018 121.137
internal_count=11835 6003 5832 4714 4346 3339 2664 1994 1171 670 2168 368 1118 494 624
is_linear=0
shrinkage=0.0921117


Tree=11
num_leaves=16
num_cat=0
split_feature=11 5 0 7 194 61 61 18 21 16 13 15 20 164 13
split_gain=83.3576 32.0675 29.5036 26.0149 23.4406 20.5365 20.5359 19.3363 16.2724 15.1502 14.7805 13.9759 11.7879 8.26229 7.00966
threshold=-0.01375000000000001 2.7500000000000004 21.500000000000004 19.500000000000004 103.05043465204814 108.25000000000001 99.250000000000014 24.500000000000004 4.5000000000000009 0.75064341999212514 13.500000000000002 0.50000033616363249 3.6500000000000008 5.9090909090909145 14.500000000000002
decision_type=2 2 2 2 2 2 2 2 2 2 2 2 2 2 2
left_child=2 3 6 4 -2 11 13 -5 14 -8 -10 -3 -7 -1 -4
right_child=1 5 8 7 -6 12 9 -9 10 -11 -12 -13 -14 -15 -16
leaf_value=0.05276083252267582 -0.031517149892122093 0.065331533755412105 -0.13111931948607558 0.0076423379357640634 0.0061931915701097066 -0.076640990577979046 -0.016238607199675462 0.050659979576928374 0.014402585788964077 0.066672948348051611 -0.036523654113927939 0.029275654923866253 0.010296372694840999 -0.019327056428176163 -0.060592249206352526
leaf_weight=62.280267506837845 252.03815576434135 128.88638710975647 15.374810203909872 345.12482118606567 312.32664035260677 14.107188075780867 497.84226167201996 120.03409200906754 55.964599192142487 19.236946582794189 328.41061660647392 329.07240152359009 187.28915317356586 16.639849990606308 71.232524618506432
leaf_count=272 1030 650 63 1502 1280 58 2056 564 228 81 1347 1504 832 71 297
internal_value=9.70372e-05 0.012838 -0.0200486 0.00265602 -0.0106114 0.0286998 -0.0063858 0.0187992 -0.0372861 -0.0130987 -0.0290496 0.0394837 0.00406104 0.0372772 -0.0735083
internal_weight=2755.86 1688.88 1066.98 1029.52 564.365 659.355 595.999 465.159 470.983 517.079 384.375 457.959 201.396 78.9201 86.6073
internal_count=11835 7420 4415 4376 2310 3044 2480 2066 1935 2137 1575 2154 890 343 360
is_linear=0
shrinkage=0.0921117


Tree=12
num_leaves=14
num_cat=0
split_feature=2 7 25 9 8 49 18 131 184 9 95 81 138
split_gain=71.7137 46.2645 26.733 20.5634 20.527 19.2426 18.325 13.795 12.9518 12.5467 11.2636 11.6162 9.30701
threshold=19.500000000000004 20.500000000000004 0.47650000000000003 5.2500000000000009 0.35850000000000004 28.850000000000005 22.500000000000004 0.57995155233218465 -2.9031471149752774 7.3500000000000005 -7.1228468444154203 18.500000000000004 -0.00063273252775031253
decision_type=2 2 2 2 2 2 2 2 2 2 2 2 2
left_child=1 2 3 -1 10 -4 8 9 -3 -6 -2 -12 -8
right_child=4 6 5 -5 7 -7 12 -9 -10 -11 11 -13 -14
leaf_value=0.0033655051535953469 0.069208467139078869 -0.0097562989254877663 0.057908270825753512 -0.024061284327720641 -0.026788044733311162 0.0031632746140072732 0.071870140479003516 0.059063528946218691 0.031874225630556162 -0.068105017866440715 0.023992322242392818 -0.025856213426661976 0.033723282611324852
leaf_weight=831.40747395157814 20.815287858247757 93.211311012506485 110.39799502491951 321.08351330459118 594.88573229312897 109.24383579194546 116.10879872739315 14.419603630900381 193.45862224698067 70.637542009353638 73.799789056181908 85.286654412746429 108.31595726311207
leaf_count=3534 88 437 497 1299 2435 473 593 59 904 298 313 357 548
internal_value=9.59916e-05 0.0101676 0.00133882 -0.00425794 -0.0219357 0.0307942 0.033822 -0.0292607 0.0182625 -0.0312164 0.00562765 -0.00259259 0.0535812
internal_weight=2743.07 1883.23 1372.13 1152.49 859.845 219.642 511.095 679.943 286.67 665.523 179.902 159.086 224.425
internal_count=11835 8285 5803 4833 3550 970 2482 2792 1341 2733 758 670 1141
is_linear=0
shrinkage=0.0921117


Tree=13
num_leaves=16
num_cat=0
split_feature=5 9 20 4 91 122 11 17 6 11 192 168 180 109 131
split_gain=62.9301 38.5681 21.7661 20.3039 16.3715 21.4507 16.2253 14.0101 15.4018 13.0828 11.8093 11.7112 11.2737 9.67943 6.4275
threshold=2.7500000000000004 0.35000000000000003 4.1500000000000012 0.44500000000000006 2.5000000000000004 12.500000000000002 0.023894230769230782 0.46858552631578954 11.500000000000002 0.031250000000000035 25.500000000000004 0.51179582139907009 0.10417995509982866 0.41170634811670009 0.54076877726459804
decision_type=2 2 2 2 2 2 2 2 2 2 2 2 2 2 2
left_child=1 3 4 12 14 -6 10 13 -9 -8 -3 -5 -1 -4 -2
right_child=2 6 7 11 5 -7 9 8 -10 -11 -12 -13 -14 -15 -16
leaf_value=-0.027557165386847798 -0.12155501346589201 -0.02263089953345257 0.011024487681207904 -0.057699549520424373 -0.03062995796716729 0.038167025536522597 0.076584009527433911 0.016659743367519821 0.04667265290985461 -0.0073768756959175057 -0.061016252776237678 0.022312510543374773 0.00091086655946401437 -0.068806259233980122 -0.025134229065277118
leaf_weight=169.72906333208084 12.930875018239023 785.9882305264473 41.559698298573494 15.910785257816313 76.017010614275932 77.453900963068008 23.025550425052643 265.30633234977722 328.52904760837555 48.091131865978241 75.328665912151337 397.82435312867165 382.36974024772644 18.367335349321365 12.045740872621534
leaf_count=701 53 3225 189 72 329 339 94 1145 1653 198 311 1810 1585 82 49
internal_value=9.78421e-05 -0.00915299 0.021224 0.00372797 -0.00718695 0.00394941 -0.0225179 0.0290125 0.0333062 0.0195696 -0.0260205 0.0191686 -0.00780454 -0.0131526 -0.0762277
internal_weight=2730.48 1898.27 832.21 965.834 178.448 153.471 932.434 653.762 593.835 71.1167 861.317 413.735 552.099 59.927 24.9766
internal_count=11835 7996 3839 4168 770 668 3828 3069 2798 292 3536 1882 2286 271 102
is_linear=0
shrinkage=0.0921117


Tree=14
num_leaves=16
num_cat=0
split_feature=11 87 5 20 108 129 7 22 95 178 169 54 62 190 49
split_gain=52.8419 26.1857 22.8157 20.0993 20.0159 21.3079 16.2555 15.14 14.2377 13.0065 12.9867 11.803 10.3119 17.1089 11.641
threshold=-0.01375000000000001 5.4500000000000011 -6.4499999999999993 4.0500000000000007 1.5000000000000002 -0.032569986708019603 20.500000000000004 13.500000000000002 -0.34592826146371819 0.74750000000000016 0.10822589574293241 0.38626149490606637 0.72382727666751967 41.050000000000004 19.150000000000002
decision_type=2 2 2 2 2 2 2 2 2 2 2 2 2 2 2
left_child=2 4 12 8 10 -6 11 -5 -4 -8 -2 -3 14 -14 -1
right_child=1 6 3 7 5 -7 9 -9 -10 -11 -12 -13 13 -15 -16
leaf_value=0.020520297127419443 0.056478245859558414 -0.088255201035904743 0 -0.01554996364215732 0.051740929053007069 0.0055424664660761501 -0.019549136315502803 0.012272578965648042 -0.054457203666482462 0.034003554939819311 0.018670882343989274 -0.018609032339416829 0.069653564831427733 -0.037612036409222699 -0.068064016051013726
leaf_weight=13.614796906709669 151.74226351082325 23.028112277388573 61.177193090319633 333.47370174527168 94.179626196622849 855.08388547599316 63.696411266922951 329.73282662034035 121.50369943678379 95.675200209021568 161.67247077822685 215.49355380237103 15.502606362104414 64.124140232801437 119.01438477635384
leaf_count=56 692 96 252 1380 437 3843 288 1389 500 439 728 897 65 270 503
internal_value=9.40114e-05 0.0103528 -0.0159841 -0.00917294 0.0168523 0.0101543 -0.0102162 -0.00168418 -0.0362233 0.012463 0.0370585 -0.0254608 -0.0430064 -0.0163886 -0.0587956
internal_weight=2718.71 1660.57 1058.14 845.887 1262.68 949.264 397.893 663.207 182.681 159.372 313.415 238.522 212.256 79.6267 132.629
internal_count=11835 7420 4415 3521 5700 4280 1720 2769 752 727 1420 993 894 335 559
is_linear=0
shrinkage=0.0921117


Tree=15
num_leaves=16
num_cat=0
split_feature=5 6 12 61 21 80 37 76 15 124 73 174 185 39 135
split_gain=48.8676 28.6763 18.2893 17.0884 16.2832 15.6305 14.6225 14.2269 15.7917 12.6077 12.4654 18.6272 11.287 11.0576 7.95705
threshold=2.7500000000000004 18.500000000000004 0.44828383565524671 108.15000000000002 2.5000000000000004 0.47266142324078514 43.250000000000007 7.5000000000000009 0.48758691842832108 -3.9158339031929903 0.29182357148676119 15.750000000000002 0.21522649308226474 0.35700956136014411 0.24738320842615744
decision_type=2 2 2 2 2 2 2 2 2 2 2 2 2 2 2
left_child=1 4 13 7 14 -6 -4 9 -9 -2 11 -5 -12 -3 -1
right_child=3 2 6 10 5 -7 -8 8 -10 -11 12 -13 -14 -15 -16
leaf_value=-0.0126425331981631 -0.10630249192793213 0.0076242653611185247 0.032008198820641952 -0.025687409731347779 -0.015680183032086313 0.022174854603348903 8.4184917760123261e-05 0.066996292493757575 0.025066753970440253 0.0058097175872270559 0.045112481536547726 0.065488896355449147 -0.01703915863050786 -0.048480538854335065 -0.061753119271587692
leaf_weight=42.240190371870995 10.665749102830885 52.2253388017416 247.64435155689716 155.10051754117012 1044.9988534897566 100.9898761510849 242.07240895926952 96.206714898347855 386.83527761697769 39.125813379883766 75.704599097371101 21.465241402387619 36.147263333201408 67.460034504532814 91.221135959029198
leaf_count=176 49 217 1142 682 4306 417 1077 528 1814 179 335 93 159 280 381
internal_value=8.78293e-05 -0.00805987 0.00836061 0.0188528 -0.0158982 -0.0123233 0.0162762 0.0286279 0.033476 -0.0179347 0.000713632 -0.0144464 0.0248328 -0.0238295 -0.0463966
internal_weight=2710.1 1888.85 609.402 821.251 1279.45 1145.99 489.717 532.834 483.042 49.7916 288.418 176.566 111.852 119.685 133.461
internal_count=11835 7996 2716 3839 5280 4723 2219 2570 2342 228 1269 775 494 497 557
is_linear=0
shrinkage=0.0921117


Tree=16
num_leaves=14
num_cat=0
split_feature=2 24 13 8 155 50 111 26 193 8 49 164 57
split_gain=42.5545 30.552 21.0244 17.0422 16.4882 14.4064 14.007 14.2719 12.6414 10.3391 9.88839 5.77321 5.18784
threshold=19.500000000000004 29.500000000000004 3.5000000000000004 0.31750000000000006 39.050000000000004 0.41474889787549152 2.2917356311332546 3.5000000000000004 27.500000000000004 0.57850000000000013 19.950000000000003 -4.499999999999992 0.40778782394311702
decision_type=2 2 2 2 2 2 2 2 2 2 2 2 2
left_child=1 2 10 11 -4 12 7 -7 -5 -8 -1 -3 -2
right_child=5 3 4 8 -6 6 9 -9 -10 -11 -12 -13 -14
leaf_value=0.080326036859079727 -0.032183752900120856 0.019814924159520051 -0.0042899533057148562 0.027936074786568083 0.073933649348138022 0.04535255380717592 -0.020743408230160409 -0.011634502578000494 -0.027864643362375544 -0.066969150014638726 0.020761699334053901 0.083294214512442497 -0.11134647023101431
leaf_weight=27.605861946940422 13.288937613368036 16.583807498216629 1219.7942345887423 283.56436878442764 23.174900040030479 39.554477721452713 120.38970983028412 594.87785230576992 38.73514960706234 64.086670875549316 180.77660973370075 59.596604630351067 17.864441573619843
leaf_count=137 56 93 5263 1333 104 164 499 2482 181 274 836 338 75
internal_value=8.8498e-05 0.00793581 0.00171619 0.0305274 -0.00280772 -0.0169611 -0.0145834 -0.00804002 0.0211546 -0.0369501 0.0287943 0.0698099 -0.0785021
internal_weight=2699.89 1849.83 1451.35 398.48 1242.97 850.062 818.909 634.432 322.3 184.476 208.382 76.1804 31.1534
internal_count=11835 8285 6340 1945 5367 3550 3419 2646 1514 773 973 431 131
is_linear=0
shrinkage=0.0921117


Tree=17
num_leaves=16
num_cat=0
split_feature=0 20 49 8 184 140 52 78 86 47 135 186 176 28 168
split_gain=36.4494 22.5651 20.5672 18.609 16.3229 16.1709 15.188 13.9631 14.8435 13.5075 14.9295 12.3546 11.903 9.94034 9.41402
threshold=14.500000000000002 4.1500000000000012 28.850000000000005 0.5445000000000001 4.0914382306008097 0.6222137529221442 27.500000000000004 20.500000000000004 0.25665131282326353 0.27074791972958229 0.26343466960838541 1.1758862470377969 3.5000000000000004 20.500000000000004 0.63189976220690691
decision_type=2 2 2 2 2 2 2 2 2 2 2 2 2 2 2
left_child=1 9 6 7 -4 14 -3 8 -2 13 -11 -9 -7 -1 -5
right_child=3 2 4 5 -6 12 -8 11 -10 10 -12 -13 -14 -15 -16
leaf_value=0.0025091162985341449 0.0697196961674003 0.025018298545285474 -0.005783337884480713 0.089106836040823423 0.041328450702209002 0.014615127763795754 0.084038104992270116 -0.020469225734001673 0.0043709776058291697 0.0055408808765450394 -0.044356460683359612 0.058180249567912054 -0.030753184740112662 0.090854748644246627 -0.0016671670543661568
leaf_weight=37.74329674243927 31.436532706022263 532.99952210485935 353.46645586192608 15.833335086703299 75.59285743534565 53.571434214711189 40.105222135782242 303.83688241243362 475.9240687340498 86.93344484269619 120.11612841486931 17.719363182783127 506.80659036338329 15.357353538274763 23.560786753892899
leaf_count=164 134 2501 1625 66 347 220 244 1276 2017 372 514 75 2117 65 98
internal_value=8.57617e-05 0.0114982 0.0177817 -0.00998234 0.00247356 -0.0223412 0.0292013 -0.00101167 0.00847688 -0.0126203 -0.0233075 -0.0160494 -0.0263748 0.0286011 0.0343968
internal_weight=2691 1262.31 1002.16 1428.69 429.059 599.772 573.105 828.917 507.361 260.15 207.05 321.556 560.378 53.1007 39.3941
internal_count=11835 5832 4717 6003 1972 2501 2745 3502 2151 1115 886 1351 2337 229 164
is_linear=0
shrinkage=0.0921117


Tree=18
num_leaves=16
num_cat=0
split_feature=0 19 18 26 13 13 20 164 162 108 151 72 147 175 68
split_gain=31.8233 26.9468 19.8977 15.752 21.8191 14.5803 14.533 14.043 13.96 13.1443 11.3576 7.29908 9.36764 7.51679 7.29674
threshold=21.500000000000004 0.60942720095572689 18.500000000000004 34.500000000000007 8.5000000000000018 2.5000000000000004 4.0500000000000007 11.568181818181822 0.12276998418826675 1.5000000000000002 20.150000000000002 0.71154533032237233 37.45000000000001 -6.7923582304761254 14.500000000000002
decision_type=2 2 2 2 2 2 2 2 2 2 2 2 2 2 2
left_child=1 2 6 4 14 10 -1 -6 -4 -7 -3 13 -13 -5 -2
right_child=3 5 8 11 7 9 -8 -9 -10 -11 -12 12 -14 -15 -16
leaf_value=-0.036996686071537686 0.019186700925828002 0.063886794194970772 0.068625077106984206 0 -0.01545794952109281 0.012625324751853524 0.0094909025281870157 0.082057979058518651 0.023243175298750862 -0.015577402596057969 -0.003842525717195496 0.030491616686917626 -0.048995130833675932 -0.080067349945385793 0.11025649613237239
leaf_weight=66.318164438009262 15.796640500426294 43.475436136126518 66.101255252957344 11.841815218329428 629.20717692375183 181.09429797530174 401.68551008403301 12.617456972599028 479.10267922282219 610.22395505011082 39.420176118612289 19.407317996025085 34.272307932376862 56.224462881684303 15.442476287484167
leaf_count=288 65 204 323 50 2629 771 1827 52 2322 2588 180 84 148 240 64
internal_value=8.87049e-05 0.0066077 0.0168355 -0.015363 -0.00980254 -0.00522161 0.0028496 -0.0134936 0.0287977 -0.00909451 0.0314487 -0.0458881 -0.0198443 -0.0660424 0.0651241
internal_weight=2682.23 1887.42 1013.21 794.81 673.064 874.214 468.004 641.825 545.204 791.318 82.8956 121.746 53.6796 68.0663 31.2391
internal_count=11835 8503 4760 3332 2810 3743 2115 2681 2645 3359 384 522 232 290 129
is_linear=0
shrinkage=0.0921117


Tree=19
num_leaves=15
num_cat=0
split_feature=5 7 14 164 0 108 12 15 158 80 19 28 65 51
split_gain=28.7348 20.0592 19.7465 14.2232 13.5356 12.9083 12.9348 15.1262 13.2122 11.1649 10.5357 8.1508 7.70567 6.39021
threshold=2.8500000000000001 8.5000000000000018 26.500000000000004 9.5909090909090882 27.500000000000004 1.5000000000000002 0.70146435133043628 0.63010240201985923 -0.81600000000000017 0.48151271365865439 0.66839246487148396 24.500000000000004 14.500000000000002 0.65091305693388624
decision_type=2 2 2 2 2 2 2 2 2 2 2 2 2 2
left_child=1 9 4 -4 -3 11 7 -7 -8 10 -1 12 -2 -11
right_child=5 2 3 -5 -6 6 8 -9 -10 13 -12 -13 -14 -15
leaf_value=-0.0096445547390045031 0.029361477906450845 0.0089005277192757727 -0.029739164254077969 0.073712109968925313 -0.022427544130505218 0.014667223240331666 0.075676909972531625 -0.020691535360886987 0.015860320764836983 0.084171070157940245 -0.036099853333718103 -0.018320427081228129 0.073879787380554965 -0.0048449504208800676
leaf_weight=239.8864840567112 103.25852079689503 972.8779888600111 220.64527420699596 11.674045234918593 132.61390179395676 236.84554035961628 39.492880776524544 180.9421678185463 158.74631027877331 12.633865982294084 280.30037808418274 19.391146466135979 50.721776217222214 13.823783367872236
leaf_count=996 517 4231 937 49 550 1165 201 782 777 53 1181 94 244 58
internal_value=8.6835e-05 -0.00608511 0 -0.0244154 0.00512075 0.0148473 0.00854893 -0.000595105 0.0279213 -0.0209503 -0.0239466 0.0370813 0.0442088 0.036994
internal_weight=2673.85 1884.46 1337.81 232.319 1105.49 789.398 616.027 417.788 198.239 546.645 520.187 173.371 153.98 26.4576
internal_count=11835 8055 5767 986 4781 3780 2925 1947 978 2288 2177 855 761 111
is_linear=0
shrinkage=0.0921117


Tree=20
num_leaves=16
num_cat=0
split_feature=17 20 129 9 92 14 35 0 70 37 10 110 28 46 28
split_gain=26.148 22.9332 19.6265 21.3571 17.0763 16.0824 13.6438 16.1554 13.3218 14.9665 13.1805 13.0765 11.7524 10.1575 9.57032
threshold=0.45807291666666666 5.1500000000000012 -0.029951296137052965 8.1500000000000004 0.52081000560326596 23.500000000000004 11.500000000000002 13.500000000000002 0.4083289449860798 46.850000000000001 29.500000000000004 84.850000000000009 10.500000000000002 0.29402682072991015 16.500000000000004
decision_type=2 2 2 2 2 2 2 2 2 2 2 2 2 2 2
left_child=6 2 3 -2 -4 10 7 12 9 -8 -3 -7 -1 -10 -9
right_child=1 5 4 -5 -6 11 8 14 13 -11 -12 -13 -14 -15 -16
leaf_value=-0.037266807794747885 0.035342102788184844 0.021104936352033553 0.041889649771288312 -0.054709974176060494 -0.010120413497704289 0.025186178950341299 -0.024802258412861648 -0.019650563657488268 0.046290201758655378 0.063589107815975821 0.087388320095771937 -0.032466829414231603 0.079942910837558778 -0.0044376609060568775 -0.060890699736701602
leaf_weight=12.405237540602686 176.31583495438099 601.59617711603642 56.281935676932335 25.321406409144402 1023.8525872826576 53.586288571357727 231.73750741779804 84.442013755440712 58.310696959495544 17.258626341819763 26.751573801040649 87.194865882396698 16.69479689002037 76.8391442745924 116.38627806305885
leaf_count=52 786 2811 247 105 4503 238 980 358 248 72 154 382 71 326 502
internal_value=8.38097e-05 0.00508472 -0.00244549 0.0239019 -0.0073862 0.0176613 -0.0165805 -0.0343422 -0.00588559 -0.0185632 0.0239759 -0.0103632 0.0292672 0.0173047 -0.0436793
internal_weight=2664.97 2050.9 1281.77 201.637 1080.13 769.129 614.074 229.928 384.146 248.996 628.348 140.781 29.1 135.15 200.828
internal_count=11835 9226 5641 891 4750 3585 2609 983 1626 1052 2965 620 123 574 860
is_linear=0
shrinkage=0.0921117


Tree=21
num_leaves=16
num_cat=0
split_feature=0 10 135 14 128 49 40 18 142 116 172 62 168 90 28
split_gain=22.3414 17.1777 15.941 14.6483 15.8831 13.0253 12.4689 12.3273 18.257 11.3913 14.2698 13.5379 9.3441 8.67574 8.01713
threshold=7.5000000000000009 27.500000000000004 0.24354543941817719 16.500000000000004 0.9334439418820033 29.750000000000004 0.45250000000000007 8.5000000000000018 23.500000000000004 0.55809325734727777 0.89378258960220458 0.53529110614039721 0.65268523034940518 0.34581333394624797 4.5000000000000009
decision_type=2 2 2 2 2 2 2 2 2 2 2 2 2 2 2
left_child=6 3 13 4 -2 -5 7 8 -1 10 -8 -11 -4 -3 -9
right_child=1 2 12 5 -6 -7 9 14 -10 11 -12 -13 -14 -15 -16
leaf_value=0.019435789694880815 -0.0030358536520641646 -0.088107122310568414 0.017620181765956484 -0.0066440963765179734 0.034171195965303297 -0.028522535349326236 0.09245279073536776 0.068612536838385238 -0.12001910158899452 0.055264753814172229 0.011684964430775982 -0.013796034409525025 0.07163061183006858 0.0026216926192152716 0.028532245559260955
leaf_weight=33.918938033282757 767.87575848400593 12.004977077245711 58.948190480470657 639.82851131260395 111.30267262458801 364.50505492091179 23.595470920205116 61.8577820956707 10.248107418417929 26.78522202372551 90.050476416945457 225.48407435417175 52.775795996189117 32.534069716930389 146.57778124511242
leaf_count=165 3282 58 290 2732 474 1551 107 350 49 124 413 1033 260 160 787
internal_value=7.92977e-05 -0.00456247 0.0247434 -0.00700672 0.00165291 -0.0146086 0.0154209 0.031172 -0.0126293 0.00448151 0.0287169 -0.00635636 0.0433732 -0.0214872 0.0405608
internal_weight=2658.29 2039.78 156.263 1883.51 879.178 1004.33 618.518 252.603 44.167 365.915 113.646 252.269 111.724 44.539 208.436
internal_count=11835 8807 768 8039 3756 4283 3028 1351 214 1677 520 1157 550 218 1137
is_linear=0
shrinkage=0.0921117


Tree=22
num_leaves=16
num_cat=0
split_feature=11 108 25 9 80 49 125 19 59 149 124 54 89 62 149
split_gain=20.1425 19.1925 17.0417 15.4373 16.9522 13.4055 13.5421 12.4347 11.8038 13.462 11.0452 10.5342 10.5017 7.93793 2.7135
threshold=0.014999999999999987 1.5000000000000002 0.47650000000000003 7.4500000000000011 0.47122178094375039 29.850000000000005 13.500000000000002 0.67229899179015118 9.7500000000000018 38.95000000000001 3.2187677116492961 0.44308937039768809 0.790096194734909 0.70341783615189335 38.150000000000013
decision_type=2 2 2 2 2 2 2 2 2 2 2 2 2 2 2
left_child=2 11 3 4 -1 6 -3 -5 13 -10 -7 12 -2 -4 -13
right_child=1 5 8 7 -6 10 -8 -9 9 -11 -12 14 -14 -15 -16
leaf_value=-0.0079410661611291882 -0.050238194172084541 -0.0059648627926894068 0.026538993101606526 0.0046522994727186649 0.024201095965817071 -0.025486023588687116 0.029936402823108981 -0.046350531477323091 -0.063275041719982494 0.02245154499807387 0.018725526185674489 0.058429037851379505 0.035935164911621895 0.099366475921631559 0.13165309722320978
leaf_weight=1348.2748988717794 12.648175075650213 150.32885372638702 29.935600638389587 55.531066045165062 154.90475063025951 169.78012546896935 215.71609604358673 142.94877746701241 19.307682231068611 77.111813470721245 66.138302773237228 9.792085677385332 164.53287525475025 23.622520670294762 11.25770580768585
leaf_count=5782 60 716 145 232 675 798 1063 612 86 332 309 51 802 117 55
internal_value=8.37925e-05 0.0123028 -0.0051852 -0.00781888 -0.00461267 0.00407309 0.0151346 -0.0319749 0.0245346 0.00500727 -0.0129954 0.0371675 0.0296336 0.059201 0.099085
internal_weight=2651.83 800.194 1851.64 1701.66 1503.18 601.963 366.045 198.48 149.978 96.4195 235.918 198.231 177.181 53.5581 21.0498
internal_count=11835 3854 7981 7301 6457 2886 1779 844 680 418 1107 968 862 262 106
is_linear=0
shrinkage=0.0921117


Tree=23
num_leaves=13
num_cat=0
split_feature=0 7 18 94 155 140 178 128 100 192 62 82
split_gain=18.8967 18.8747 16.4732 15.3429 13.8226 13.0588 12.5403 9.49094 8.64023 6.17344 7.12026 2.78955
threshold=1.5000000000000002 21.500000000000004 27.500000000000004 39.500000000000007 39.050000000000004 0.62455617985564171 0.74650000000000005 -0.3005512092691337 35.650000000000013 19.500000000000004 0.67286289083456752 11.500000000000002
decision_type=2 2 2 2 2 2 2 2 2 2 2 2
left_child=8 3 6 4 -2 -5 -3 -4 9 10 -1 -11
right_child=1 2 7 5 -6 -7 -8 -9 -10 11 -12 -13
leaf_value=-0.0042481618847147254 -0.0040315178191347523 -0.014149864841147702 0.0055799147864006486 0.053233418405164448 0.08252762957657804 -0.038754147101207385 0.015773641684600888 0.058225395036428741 -0.0330742036630053 0.051564471425763772 0.067693990217731828 0.11617430772210151
leaf_weight=21.806015074253082 1722.7366356477141 187.70808151364326 44.356434971094131 13.93023496866226 15.673485562205313 166.23967762291431 321.70237897336483 89.980498127639294 10.588049545884131 11.87272795289755 23.718554213643074 15.648632667958735
leaf_count=114 7398 868 250 59 68 713 1506 529 51 65 128 86
internal_value=8.55303e-05 -0.00131325 0.0123225 -0.0059004 -0.00323355 -0.0314932 0.00470351 0.0410241 0.0431524 0.054534 0.0328196 0.0893972
internal_weight=2645.96 2562.33 643.747 1918.58 1738.41 180.17 509.41 134.337 83.634 73.0459 45.5246 27.5214
internal_count=11835 11391 3153 8238 7466 772 2374 779 444 393 242 151
is_linear=0
shrinkage=0.0921117


Tree=24
num_leaves=14
num_cat=0
split_feature=17 108 129 20 9 9 54 114 78 176 111 111 128
split_gain=17.9919 19.7824 20.1579 14.7693 14.1212 13.1179 11.4347 10.2165 12.3293 12.8723 10.8853 13.5686 10.5929
threshold=0.44937500000000002 1.5000000000000002 -0.032569986708019603 4.9500000000000011 9.6500000000000004 8.3500000000000032 0.44207538445501299 0.66759232347556885 9.5000000000000018 7.5000000000000009 2.2917356311332546 1.529317402456301 0.40555271461361309
decision_type=2 2 2 2 2 2 2 2 2 2 2 2 2
left_child=7 4 5 -4 6 -3 -2 10 -9 -10 11 -1 -12
right_child=1 2 3 -5 -6 -7 -8 8 9 -11 12 -13 -14
leaf_value=-0.025590036338875223 0.016421503929545063 0.02867883460479919 -0.014534206217194376 0.0040602140908885644 -0.05372881733064102 -0.044929647932788926 0.058909919255170494 0.070642630199880749 -0.07250640521242771 0.016399332799022535 -0.095283565442379634 0.043276204718202441 -0.017957399288819984
leaf_weight=202.31635710597038 469.26816114783287 233.01892943680286 778.86831554025412 675.0920399799943 21.870205417275429 22.217463299632072 61.286731138825417 20.943307310342789 19.675343975424767 45.117123708128929 34.392514035105705 27.279409259557724 28.183082833886147
leaf_count=866 2150 1065 3399 3129 92 93 288 89 83 193 149 117 122
internal_value=8.66259e-05 0.00320382 -0.00168224 -0.00588575 0.0183586 0.0221695 0.0213816 -0.018506 0.00925331 -0.0103314 -0.0267276 -0.0172959 -0.0608959
internal_weight=2639.53 2261.62 1709.2 1453.96 552.425 255.236 530.555 377.907 85.7358 64.7925 292.171 229.596 62.5756
internal_count=11835 10216 7686 6528 2530 1158 2438 1619 365 276 1254 983 271
is_linear=0
shrinkage=0.0921117


Tree=25
num_leaves=13
num_cat=0
split_feature=14 40 14 42 27 140 164 38 28 57 148 93
split_gain=17.2313 18.1688 15.3672 16.2205 14.9407 15.2467 13.4296 11.1372 12.2697 12.1733 10.1843 7.34067
threshold=26.500000000000004 0.45450000000000007 4.5000000000000009 0.54642400141027248 5.5000000000000009 0.78245094070462073 9.5909090909090882 0.44937500000000002 6.5000000000000009 0.40980547027684017 -9.1007929869712836 0.9198990968770232
decision_type=2 2 2 2 2 2 2 2 2 2 2 2
left_child=1 2 11 -4 10 -6 7 9 -9 -2 -3 -1
right_child=6 4 3 -5 5 -7 -8 8 -10 -11 -12 -13
leaf_value=0.042911324551587395 0.081161983650802488 -0.038400753747784844 0.034716193898217146 0.0015873018451387185 0.00094524467895637369 -0.022463766694953733 0.059417395344672629 0.029628834991415238 -0.03585018979979842 -0.019890205973527992 0.02327129973551862 -0.024926513199898456
leaf_weight=154.42060600221157 16.906132996082306 25.295669972896576 148.87709633260965 803.1489075049758 495.48354071378708 447.80844289064407 17.307896330952644 26.322809338569641 260.79194685816765 24.321827307343483 199.9152385443449 14.341057136654852
leaf_count=797 74 114 690 3707 2131 1933 74 116 1122 106 896 75
internal_value=7.8558e-05 0.00298152 0.0113658 0.00679433 -0.00504186 -0.0101456 -0.0190795 -0.0233019 -0.0297618 0.021114 0.016232 0.0370043
internal_weight=2634.94 2289.29 1120.79 952.026 1168.5 943.292 345.651 328.343 287.115 41.228 225.211 168.762
internal_count=11835 10343 5269 4397 5074 4064 1492 1418 1238 180 1010 872
is_linear=0
shrinkage=0.0921117


Tree=26
num_leaves=16
num_cat=0
split_feature=12 6 145 45 49 185 152 93 25 11 180 78 170 46 15
split_gain=15.4931 17.4404 18.7248 13.4111 13.1234 21.1804 18.0193 12.6259 11.1835 12.0395 10.5831 9.5596 13.2031 11.4662 8.22214
threshold=0.64991462810734124 11.500000000000002 103.26136363636364 0.56282013196972891 29.350000000000005 0.18238929244815097 3.0758724556123362 0.89492618672383029 0.47650000000000003 0.021249999999999967 0.11652052682129489 6.5000000000000009 0.89634446282783897 0.29847105870469809 0.66587531060218053
decision_type=2 2 2 2 2 2 2 2 2 2 2 2 2 2 2
left_child=4 2 3 -2 8 7 -7 -6 10 -10 -1 12 -3 -13 -4
right_child=1 11 14 -5 5 6 -8 -9 9 -11 -12 13 -14 -15 -16
leaf_value=0.0032048383868424732 -0.042746427316134733 -0.075690240321924479 -0.13239526362759158 0.012466904253940819 0.010030713104721428 -0.029833120512275949 0.0044309293650744335 0.097017382013236952 0.066209308744711065 -0.023668320911460882 -0.023085401963382879 0.016129559464533257 0.018870604654885631 0.055886856332968866 -0.031111466150825967
leaf_weight=1018.3370929285884 43.484554141759872 15.890754699707029 11.723961383104326 256.65233844518661 93.908675879240036 456.48702402412891 180.67692409455776 16.763370409607887 43.586179919540882 17.299760721623898 148.79359529912472 125.01067906618118 57.544964864850044 125.34266071021557 18.03783655166626
leaf_count=4471 189 83 50 1120 408 1980 781 75 205 93 648 680 300 675 77
internal_value=7.67283e-05 0.0123762 -0.00246859 0.00438207 -0.00398168 -0.013604 -0.0200833 0.0234838 0.00186082 0.0403138 -0.000129686 0.0275651 -0.0013695 0.0361374 -0.0720686
internal_weight=2629.54 653.688 329.899 300.137 1975.85 747.836 637.164 110.672 1228.02 60.8859 1167.13 323.789 73.4357 250.353 29.7618
internal_count=11835 3174 1436 1309 8661 3244 2761 483 5417 298 5119 1738 383 1355 127
is_linear=0
shrinkage=0.0921117


Tree=27
num_leaves=14
num_cat=0
split_feature=10 14 20 51 100 53 135 33 97 166 114 99 36
split_gain=15.182 15.7774 13.2163 13.1764 13.5674 12.9511 11.9086 11.6725 9.54518 9.57022 6.97046 8.54125 6.37975
threshold=27.500000000000004 16.500000000000004 4.1500000000000012 0.6988859855321311 34.550000000000004 0.55137899667347268 0.25541711876061407 4.5000000000000009 0.24600789201902198 0.23582778688043293 0.64057131577010262 0.27284098583550531 20.500000000000004
decision_type=2 2 2 2 2 2 2 2 2 2 2 2 2
left_child=1 2 7 4 -3 -4 8 -1 -2 -10 11 -8 -12
right_child=6 3 5 -5 -6 -7 10 -9 9 -11 12 -13 -14
leaf_value=0.026768230199887805 0.059518932372454744 -0.00391921928688702 -0.0033822983593702195 0.074840577667306313 -0.025708646623489217 0.017573467839907722 -0.027311313326178956 -0.022865484659294513 -0.041758333460473418 0.060216622740635564 0.027530209473482756 0.044550108053827156 0.10216384333893516
leaf_weight=49.078968092799187 15.015795662999151 745.47159548103809 402.09186480939388 15.199385166168211 361.51169310510159 655.56637571752071 18.577006936073303 213.19337879121304 43.538445271551609 9.26690676063299 17.127995871007442 53.111928075551987 26.086150757968426
leaf_count=223 83 3250 1842 65 1558 3005 102 907 228 49 90 287 146
internal_value=7.70976e-05 -0.00183112 0.00498427 -0.00986685 -0.0110567 0.00958629 0.0256876 -0.0134866 -0.00462558 -0.0233632 0.0437595 0.0256089 0.073228
internal_weight=2624.84 2442.11 1319.93 1122.18 1106.98 1057.66 182.724 262.272 67.8211 52.8054 114.903 71.6889 43.2141
internal_count=11835 10850 5977 4873 4808 4847 985 1130 360 277 625 389 236
is_linear=0
shrinkage=0.0921117


Tree=28
num_leaves=15
num_cat=0
split_feature=108 129 12 9 136 78 185 11 160 20 171 111 163 190
split_gain=14.1395 15.2148 16.6608 14.4295 14.1842 12.9819 12.454 15.7431 12.6997 11.4276 10.1125 10.0585 9.72465 8.93365
threshold=1.5000000000000002 -0.032569986708019603 0.46432627473219401 8.1500000000000004 0.9764043608871823 16.500000000000004 0.20668987503000821 0.011249999999999956 0.4012865123040783 3.4500000000000006 19.150000000000002 2.7706256445373292 20.750000000000004 43.750000000000007
decision_type=2 2 2 2 2 2 2 2 2 2 2 2 2 2
left_child=6 3 10 5 -4 -2 8 12 -1 -10 -3 -5 -8 -9
right_child=1 2 4 11 -6 -7 7 13 9 -11 -12 -13 -14 -15
leaf_value=-0.074071957208837427 0.038335133714374262 -0.037067236539925108 -0.0076786909842553657 -0.097674459478405806 0.017225895225185552 0.00018397695787397141 -0.050625230318409604 0.0012298566749576101 -0.053632942830400612 0.033810882716345941 0.017534150418582122 0.0073677592694154533 -0.0038710190956021862 0.053037872356491822
leaf_weight=10.165770411491392 159.14386433362961 211.04908469319344 1168.1756737530231 15.586739882826807 232.21583940088749 146.42724792659283 47.774476908147335 55.779238849878311 13.027034506201742 269.51428399980068 32.670916169881821 14.517440944910048 184.71538323909044 59.02354884147644
leaf_count=45 730 908 5285 67 1050 659 206 272 57 1241 139 63 812 301
internal_value=7.72313e-05 -0.00376187 -0.00741939 0.0140835 -0.00353226 0.0201318 0.0119863 0.0001249 0.0259794 0.029683 -0.0296531 -0.0464377 -0.0135916 0.0280815
internal_weight=2619.79 1979.79 1644.11 335.675 1400.39 305.571 640 347.293 292.707 282.541 243.72 30.1042 232.49 114.803
internal_count=11835 8901 7382 1519 6335 1389 2934 1591 1343 1298 1047 130 1018 573
is_linear=0
shrinkage=0.0921117


Tree=29
num_leaves=10
num_cat=0
split_feature=0 155 10 192 135 173 112 77 168
split_gain=13.1534 12.842 13.2781 11.8641 11.1064 7.99198 9.87427 12.6316 1.9376
threshold=1.5000000000000002 39.050000000000004 27.500000000000004 25.500000000000004 0.24354543941817719 116.64342283199399 0.80324493152175369 0.52193034654306814 0.69907284131481362
decision_type=2 2 2 2 2 2 2 2 2
left_child=5 2 3 -2 -4 6 7 -1 -8
right_child=1 -3 4 -5 -6 -7 8 -9 -10
leaf_value=-0.050011439073481864 -0.0014614144669316622 0.07261774142396199 -0.013263342486147054 -0.0245923696535192 0.037468524109549171 -0.035753138287463848 0.1071570737647123 0.056699974377640489 0.046796361859002301
leaf_weight=14.264747127890585 2133.3664629459381 19.78781433403492 50.876726761460304 206.58067638427019 125.29206236451864 10.688261359930037 19.952070608735088 26.59312941879034 8.1235004514455778
leaf_count=79 9419 90 266 928 688 54 114 147 50
internal_value=7.16039e-05 -0.00107809 -0.00166939 -0.00351393 0.0226932 0.036919 0.048543 0.0188734 0.0907104
internal_weight=2615.53 2535.9 2516.12 2339.95 176.169 79.6217 68.9334 40.8579 28.0756
internal_count=11835 11391 11301 10347 954 444 390 226 164
is_linear=0
shrinkage=0.0921117


Tree=30
num_leaves=15
num_cat=0
split_feature=14 108 24 129 54 51 190 158 37 49 43 16 141 127
split_gain=12.4907 13.1366 13.2438 17.2649 12.9164 11.5704 11.5608 11.4441 12.1634 9.63056 11.2063 8.63874 7.67711 6.03774
threshold=26.500000000000004 1.5000000000000002 32.500000000000007 -0.013033657230808985 0.44594646984924552 0.69603480536564277 44.250000000000007 0.311 41.750000000000007 19.450000000000003 226.87508598878347 0.47359723282779576 0.64158032558202804 36.500000000000007
decision_type=2 2 2 2 2 2 2 2 2 2 2 2 2 2
left_child=1 4 5 -4 6 -3 -1 8 13 -9 -11 -10 -6 -2
right_child=7 2 3 -5 12 -7 -8 9 11 10 -12 -13 -14 -15
leaf_value=0.0006773333506564736 0.00066337723125158541 -0.0066820481608647724 0.043271260628157282 -0.0022736349957681295 0.11102964696751945 0.035336306403392984 0.029290971635586353 0.021474725049222619 -0.037336812926875421 -0.067736773967656067 0.0067552600025291261 0.0025695891181123864 0.012804509736050853 0.074239716335626191
leaf_weight=317.36245742440224 17.681960627436638 1381.975674085319 120.30173382163048 168.70232034474611 18.337307527661327 57.696595668792725 193.96724451333284 17.79842571914196 78.566317021846771 76.591970652341843 21.369075939059258 108.64099459350109 11.560330793261526 21.900728732347488
leaf_count=1450 76 6118 618 834 87 256 924 79 346 336 93 465 56 97
internal_value=7.049e-05 0.00255335 -0.00135607 0.0166175 0.0150786 -0.00498038 0.0115784 -0.0163136 -0.00417087 -0.0398879 -0.0512725 -0.0140719 0.0739595 0.0420153
internal_weight=2612.45 2269.9 1728.68 289.004 541.227 1439.67 511.33 342.549 226.79 115.759 97.961 187.207 29.8976 39.5827
internal_count=11835 10343 7826 1452 2517 6374 2374 1492 984 508 429 811 143 173
is_linear=0
shrinkage=0.0921117


Tree=31
num_leaves=13
num_cat=0
split_feature=0 34 197 12 62 50 9 178 112 70 185 34
split_gain=11.5018 15.3623 15.1989 13.3274 13.1622 13.133 12.6677 11.7288 9.9156 9.64974 7.15959 3.55221
threshold=27.500000000000004 0.55028451280826751 0.79028731167694888 0.41272722228749897 0.73423289160339644 0.41474889787549152 5.9500000000000011 0.8155 0.63859032194140697 0.44394773965220363 0.21613428550742705 0.6184507639359641
decision_type=2 2 2 2 2 2 2 2 2 2 2 2
left_child=5 3 8 -2 -5 10 7 -7 -3 -8 -1 -4
right_child=1 2 11 4 -6 6 9 -9 -10 -11 -12 -13
leaf_value=-0.09855953609406759 -0.039535435151822063 0.048655354298634476 -0.13352476379041622 0.0090182721209243078 0.11255606096244319 0.0075487473225644463 -0.022617930338591056 -0.024432708141676026 -0.028190599954093801 0.0091932376867516902 -0.0021575761542078817 -0.063055070613987671
leaf_weight=16.713942557573322 21.707226872444153 15.511650010943411 12.011261552572252 28.812308147549629 16.715849071741104 1847.1802090704441 257.39747849106789 102.32195024192333 145.16882905364037 116.73697996139526 11.481365963816641 16.897403031587601
leaf_count=72 97 67 53 125 71 8563 1089 443 638 492 50 75
internal_value=7.20217e-05 -0.0184238 -0.031879 0.0191806 0.0476848 0.00210189 0.00287042 0.00585765 -0.0206085 -0.0126336 -0.0602342 -0.0934663
internal_weight=2608.66 256.825 189.589 67.2354 45.5282 2351.83 2323.64 1949.5 160.68 374.134 28.1953 28.9087
internal_count=11835 1126 833 293 196 10709 10587 9006 705 1581 122 128
is_linear=0
shrinkage=0.0921117


Tree=32
num_leaves=13
num_cat=0
split_feature=25 49 61 40 107 69 152 74 161 46 146 34
split_gain=11.0881 14.626 13.171 16.164 11.123 10.3121 8.81239 8.69093 8.3158 8.08317 8.84125 7.64041
threshold=0.47650000000000003 28.850000000000005 121.10000000000001 0.48050000000000004 0.38834036631304086 115.25000000000001 7.5793479244614081 0.50438019385419686 12.500000000000002 0.29369279910982576 0.032508880799515256 0.52218624752254539
decision_type=2 2 2 2 2 2 2 2 2 2 2 2
left_child=2 9 3 5 8 -1 -5 -6 -3 10 -2 -11
right_child=1 4 -4 6 7 -7 -8 -9 -10 11 -12 -13
leaf_value=0.00094915063795208737 -0.013332188727929904 0.021016644214148148 0.086553803036014593 -0.03328345890332652 0.00065436228596510502 -0.034073958469420206 0.049376420338711938 0.11016946566662032 -0.029077823241565829 -0.01705443093252083 0.061514446006218838 0.070797462105683467
leaf_weight=2038.3732364550233 36.913552105426788 40.669105298817158 14.031200945377348 179.88112559914589 13.361278414726259 73.801805689930916 11.354833245277403 11.975385658442972 88.184531688690186 9.1456982344388944 20.62738148868084 65.453331977128983
leaf_count=9153 202 208 59 780 62 341 49 57 405 49 113 357
internal_value=5.90693e-05 0.0171646 -0.00204556 -0.00259869 -0.00197454 -0.000265773 -0.0282362 0.0535208 -0.0130918 0.0396482 0.0131789 0.0597232
internal_weight=2603.77 286.33 2317.44 2303.41 154.19 2112.18 191.236 25.3367 128.854 132.14 57.5409 74.599
internal_count=11835 1453 10382 10323 732 9494 829 119 613 721 315 406
is_linear=0
shrinkage=0.0921117


Tree=33
num_leaves=14
num_cat=0
split_feature=27 150 38 51 175 32 111 159 167 5 186 62 101
split_gain=10.462 19.2096 12.4933 13.5988 13.1306 10.5813 12.4307 14.3669 9.99675 12.6941 8.12847 6.01779 5.58346
threshold=5.5000000000000009 37.850000000000001 0.453798076923077 0.69561892435152972 -7.736516396129522 0.12916666666666668 -2.2903993542662726 2.872903471091782 0.35250000000000004 7.4500000000000011 0.22075404489780048 0.6795597160464556 -2.4328078577039371
decision_type=2 2 2 2 2 2 2 2 2 2 2 2 2
left_child=5 2 4 -4 -2 8 -7 -8 12 -10 11 -3 -1
right_child=1 10 3 -5 -6 6 7 -9 9 -11 -12 -13 -14
leaf_value=0.019438653866260328 -0.02382725817669324 -0.051584118531038753 -0.005768549511354552 0.034095524706196138 0.025945362413489211 -0.1101113076242881 -0.044254988367420589 0.039759059991182247 0.0023091332575123327 0.045072657138165793 -0.011523156501717983 -0.1407641788070729 0.083044716987658015
leaf_weight=20.91763686388731 55.031362295150757 15.889241740107538 1747.9562273472548 75.525092869997025 235.7796543687582 10.511382102966307 34.987235575914383 33.83518785238266 229.73996934294701 79.685270115733147 18.215533807873726 12.456489980220793 30.236214607954025
leaf_count=97 263 69 7749 336 1150 47 156 153 1093 448 80 54 140
internal_value=6.07091e-05 -0.0025669 -0.00126597 -0.00410353 0.0164458 0.0130152 -0.0172765 -0.0026337 0.019744 0.0134045 -0.0610343 -0.0919186 0.057557
internal_weight=2600.77 2160.85 2114.29 1823.48 290.811 439.913 79.3338 68.8224 360.579 309.425 46.5613 28.3457 51.1539
internal_count=11835 9701 9498 8085 1413 2134 356 309 1778 1541 203 123 237
is_linear=0
shrinkage=0.0921117


Tree=34
num_leaves=13
num_cat=0
split_feature=86 74 8 167 0 34 12 197 49 145 103 162
split_gain=9.99569 12.9413 11.5842 12.2394 11.2991 13.4373 12.8331 12.6444 10.6138 13.5202 10.4711 5.0489
threshold=0.25633669733687153 0.34169097769569706 0.75650000000000006 0.37850000000000006 27.500000000000004 0.55028451280826751 0.41272722228749897 0.79028731167694888 30.050000000000004 92.39772727272728 -3.0185437224072014 0.58429490780999116
decision_type=2 2 2 2 2 2 2 2 2 2 2 2
left_child=1 11 3 -3 8 6 -6 -7 9 -2 -10 -1
right_child=4 2 -4 -5 5 7 -8 -9 10 -11 -12 -13
leaf_value=0.1149108159814812 -0.0042592788521958564 0.0061318791075188001 -0.076083831719608946 0.086581088947454116 -0.045895549625938198 -0.022956514751145209 0.043926218287226405 -0.092686843195376026 -0.04829606401282617 0.013740379034810561 -0.0051352864400753991 0.032183449171729495
leaf_weight=15.470187947154047 658.62591009587049 105.45861655473709 11.843920156359671 19.001347385346889 19.279348701238632 150.07454578578472 43.426603585481644 26.210498213768005 51.1800696849823 762.06953506171703 722.39717219024897 12.165342785418032
leaf_count=70 3029 479 51 95 88 663 186 119 229 3542 3227 57
internal_value=5.71973e-05 0.0220731 0.0102077 0.0186528 -0.00141793 -0.0204356 0.0159289 -0.0334975 0.000644224 0.00538063 -0.00802538 0.0795444
internal_weight=2597.2 163.939 136.304 124.46 2433.26 238.991 62.706 176.285 2194.27 1420.7 773.577 27.6355
internal_count=11835 752 625 574 11083 1056 274 782 10027 6571 3456 127
is_linear=0
shrinkage=0.0921117


Tree=35
num_leaves=16
num_cat=0
split_feature=108 42 92 137 87 54 54 173 43 164 11 107 102 90 43
split_gain=9.86342 13.4274 15.9796 11.8468 11.1714 15.1418 10.5042 14.6463 13.7722 10.2195 10.0339 7.07874 9.14817 8.71641 6.53439
threshold=1.5000000000000002 0.55068377884069475 0.52081000560326596 8.9500000000000011 5.0500000000000007 0.44512955104950308 0.42557160512416353 92.646155140842978 220.3250264937075 -0.26893939393939797 0.033749999999999981 0.35570350374397669 0.57614344230427716 0.38686174837813531 216.54370105179973
decision_type=2 2 2 2 2 2 2 2 2 2 2 2 2 2 2
left_child=6 4 10 -4 9 -6 7 14 -9 -2 -3 13 -13 -8 -1
right_child=1 2 3 -5 5 -7 11 8 -10 -11 -12 12 -14 -15 -16
leaf_value=0.12481990952491512 0.0072617978438295665 0.017568766551105661 -0.027435603802331544 -0.0052378246870573965 0.0033754745206672852 -0.10228690022903164 0.033642334649795533 -0.02005010059208942 0.014584353176035002 0.049994982947788189 0.10275937679706662 0.072439724535312014 0.0025712298112566486 0.11381026072241263 0.028620857866782274
leaf_weight=10.420762091875078 99.486219182610512 70.258598499000072 242.76503530144691 1305.9990967214108 124.53583265841007 12.544349148869513 71.062453284859657 198.01931328326464 191.10837291926146 93.314903825521469 14.277688033878801 18.610731944441795 111.09670331329107 14.137495137751101 15.980250976979731
leaf_count=48 454 315 1071 5941 555 56 333 915 889 437 72 92 519 65 73
internal_value=5.0655e-05 -0.00315982 -0.00659259 -0.0087331 0.0137664 -0.00620306 0.0100819 0.00147327 -0.00298445 0.0280745 0.0323255 0.0266157 0.0128157 0.0473252 0.0677626
internal_weight=2593.62 1963.18 1633.3 1548.76 329.881 137.08 630.436 415.529 389.128 192.801 84.5363 214.907 129.707 85.1999 26.401
internal_count=11835 8901 7399 7012 1502 611 2934 1925 1804 891 387 1009 611 398 121
is_linear=0
shrinkage=0.0921117


Tree=36
num_leaves=16
num_cat=0
split_feature=14 19 114 45 191 195 70 192 146 20 168 140 185 127 62
split_gain=9.25649 15.3672 16.2138 16.4659 12.2407 16.2615 11.4974 11.6466 11.6779 10.3873 10.3737 7.9761 10.5915 8.89271 7.89511
threshold=6.5000000000000009 0.66839246487148396 0.56606037146946597 0.87825928599420411 17.500000000000004 -4.5009848263539816 0.67901013475142469 25.500000000000004 -0.14391404242867092 5.2500000000000009 0.58678478182012406 0.66162038065689022 0.2026504183947587 24.500000000000004 0.71810648222390472
decision_type=2 2 2 2 2 2 2 2 2 2 2 2 2 2 2
left_child=1 2 14 -4 5 -3 7 8 -2 -6 -9 13 -13 -8 -1
right_child=6 4 3 -5 9 -7 11 10 -10 -11 -12 12 -14 -15 -16
leaf_value=0.043390431517475722 -0.026212240776779781 -0.078438095954019127 0.019900043416015485 -0.060663427149555325 -0.078494165554427911 0.019788336008339472 -0.0088065142324233701 -0.065985981088708651 -0.00032761123007348116 0.016772151071218142 -0.013429522081615788 0.038210996310341395 -0.0081865187156734062 0.089383882239419815 0.1323199954648081
leaf_weight=23.452667601406574 163.81575308740139 16.931019335985184 318.49962708353996 22.871802508831024 34.859165519475937 88.306658074259758 11.003605857491491 46.065107703208923 1531.1233678609133 12.916931465268133 108.12511795759201 67.263658419251442 108.34206846356392 23.928616106510162 14.41489292681217
leaf_count=119 722 75 1588 113 151 395 49 209 6892 59 491 304 487 107 74
internal_value=5.75765e-05 0.0108931 0.0208563 0.014421 -0.0136537 0.00371451 -0.00273222 -0.00506394 -0.00284381 -0.0522967 -0.0293076 0.0176348 0.00947211 0.0578904 0.0780919
internal_weight=2591.92 532.253 379.239 341.371 153.014 105.238 2059.67 1849.13 1694.94 47.7761 154.19 210.538 175.606 34.9322 37.8676
internal_count=11835 2574 1894 1701 680 470 9261 8314 7614 210 700 947 791 156 193
is_linear=0
shrinkage=0.0921117


Tree=37
num_leaves=14
num_cat=0
split_feature=14 196 94 24 41 141 120 49 112 81 63 184 54
split_gain=8.90021 10.1047 9.86544 11.322 15.567 11.1202 9.44609 8.9282 8.91694 6.85343 6.52652 6.008 4.11182
threshold=29.500000000000004 0.66754199996690311 41.500000000000007 36.500000000000007 6.5000000000000009 0.8764002245387249 18.500000000000004 19.850000000000005 0.92194524194364258 18.500000000000004 22.500000000000004 2.8896605438553538 0.41636113168450956
decision_type=2 2 2 2 2 2 2 2 2 2 2 2 2
left_child=2 6 3 5 -5 -1 11 10 -9 -3 -4 -2 -8
right_child=1 9 7 4 -6 -7 12 8 -10 -11 -12 -13 -14
leaf_value=-0.0017750533996934272 -0.10702245187854872 0.049624361609022186 0.055880999934597921 -0.045575456916803002 0.033883096472140384 0.018424793873102061 0.033944845790669906 -0.03852372703548132 0.042184141366706486 -0.040748572143718034 -0.026447140701424298 -0.022421263606803011 -0.044131058127590619
leaf_weight=1876.4699470028281 24.113637506961823 18.307840049266819 19.776338741183281 23.562403932213783 169.02867300063372 263.52455994486809 11.439461350440981 123.35509127378464 12.480973348021505 11.302845850586889 13.374404177069662 11.211197793483732 11.132620140910147
leaf_count=8430 106 78 86 122 967 1193 50 542 55 51 57 49 49
internal_value=5.44084e-05 -0.0287942 0.00107352 0.00263917 0.0240282 0.000702882 -0.0512333 -0.0203957 -0.0309195 0.0143641 0.0220247 -0.0809383 -0.00361616
internal_weight=2589.08 87.5076 2501.57 2332.59 192.591 2139.99 57.8969 168.987 135.836 29.6107 33.1507 35.3248 22.5721
internal_count=11835 383 11452 10712 1089 9623 254 740 597 129 143 155 99
is_linear=0
shrinkage=0.0921117


Tree=38
num_leaves=16
num_cat=0
split_feature=10 131 4 31 94 120 34 142 59 182 45 161 40 151 114
split_gain=8.40201 9.78787 10.9639 9.90057 8.99336 10.4179 12.0792 9.34617 11.9374 10.6337 9.25939 7.93645 7.1437 4.93932 4.08733
threshold=27.500000000000004 0.54748661648128072 0.57750000000000001 0.045650026450302597 41.500000000000007 18.500000000000004 0.54502666439063796 10.500000000000002 4.7500000000000009 18.500000000000004 0.62925662388034298 21.500000000000004 0.45050000000000007 20.450000000000003 0.58987924917034329
decision_type=2 2 2 2 2 2 2 2 2 2 2 2 2 2 2
left_child=4 11 3 -3 7 10 -7 9 -9 -1 -6 12 -2 -4 -13
right_child=1 2 13 -5 5 6 -8 8 -10 -11 -12 14 -14 -15 -16
leaf_value=-0.00056171644602291909 0.031357265465954243 0.0018615763887390041 0.0039501058595093359 -0.079198497941955728 -0.0016234208298644625 0.073928255583732699 -0.015880113357649432 -0.073716017936255096 -0.0030087698275413155 0.021784873797680213 -0.061231068725543326 0.021091334797910394 -0.055990682987606094 0.10809908861309463 0.097279476550776761
leaf_weight=435.25168774276972 62.327782869338989 35.769309192895889 7.9285810664296177 19.360224194824696 34.553474232554436 16.564499258995056 52.844058454036713 20.472939662635326 1479.0935021340847 306.5559161901474 65.396215796470642 9.2806982845067996 8.8527756631374341 8.4120972454547864 22.718745201826096
leaf_count=1966 369 171 59 101 153 72 232 93 6629 1416 289 49 49 61 126
internal_value=4.75451e-05 0.0195586 -0.0063758 -0.026301 -0.00135761 -0.0218191 0.005314 0.000179565 -0.00399383 0.00864518 -0.0408675 0.0377244 0.020119 0.0592489 0.0760087
internal_weight=2585.38 174.65 71.4702 55.1295 2410.73 169.358 69.4086 2241.37 1499.57 741.808 99.9497 103.18 71.1806 16.3407 31.9994
internal_count=11835 985 392 272 10850 746 304 10104 6722 3382 442 593 418 120 175
is_linear=0
shrinkage=0.0921117


Tree=39
num_leaves=16
num_cat=0
split_feature=108 129 86 154 111 9 109 185 184 187 88 34 97 46 38
split_gain=8.38513 13.2073 16.0988 13.7265 11.6561 10.6448 10.4964 9.90431 12.192 12.0984 12.6915 9.55896 9.47637 8.90804 8.41525
threshold=1.5000000000000002 -0.032569986708019603 0.33679855741127102 20.850000000000005 0.055981819597119405 8.1500000000000004 0.39476027442334588 0.20502075437348691 2.9176255329183118 94.406682530912235 0.48000000000000226 0.52778720554917913 0.31541347708468043 0.3320694488455776 0.52437500000000004
decision_type=2 2 2 2 2 2 2 2 2 2 2 2 2 2 2
left_child=7 5 4 -4 -3 6 -2 8 11 12 -11 -1 -9 -10 -7
right_child=1 2 3 -5 -6 14 -8 9 13 10 -12 -13 -14 -15 -16
leaf_value=0.065475909919198008 0.032862944477980216 -0.0016214267633368857 -0.028017350417970349 0.028796044017931909 -0.018422056201289543 -0.086832810873416613 -0.0022569948819927453 0.098297775560684267 0.071325120790374244 0.0078951471018146001 -0.03004072652623015 0.0031274494696107817 0.011728874294125538 -0.0098429867501992688 0.01034815739086979
leaf_weight=23.759848535060883 183.2519263625145 711.1248052418232 45.139970391988754 172.78347724676132 696.6662584990263 15.021305292844774 117.2393743544817 16.628888204693794 57.526201270520687 183.61398358643055 125.49672502279282 174.07517508417368 31.985613852739334 13.719810880720614 14.36533762514591
leaf_count=113 847 3242 201 787 3152 67 542 77 271 862 586 813 146 66 63
internal_value=4.68533e-05 -0.00291618 -0.00633547 0.0169191 -0.00995187 0.0138647 0.0190912 0.00932544 0.0226746 -0.000657841 -0.00744017 0.0107571 0.0419387 0.0553941 -0.0387101
internal_weight=2582.4 1955.59 1625.71 217.923 1407.79 329.878 300.491 626.806 269.081 357.725 309.111 197.835 48.6145 71.246 29.3866
internal_count=11835 8901 7382 988 6394 1519 1389 2934 1263 1671 1448 926 223 337 130
is_linear=0
shrinkage=0.0921117


end of trees

feature_importances:
PLUS_MINUS_RANK=29
PLUS_MINUS.1=24
L_RANK.1=22
PLUS_MINUS=19
PLUS_MINUS_RANK.1=19
BLKA.1=15
home_momentum_long=11
FG3A.1=11
W_PCT.1=10
mental_edge=10
BLKA_RANK=10
Days-Rest-Away=9
away_depth_chart_strength=8
W_PCT_RANK.1=7
home_mental_toughness=7
W=7
home_mid_range_pct=7
W_RANK=6
W_PCT=6
away_momentum_long=6
L.1=6
AST_RANK=6
away_open_shot_pct=6
away_margin_medium=6
clutch_advantage=6
pace_differential=6
away_q4_consistency=6
L_RANK=5
FG_PCT_RANK=5
FG_PCT=5
W.1=5
FG_PCT.1=5
PTS.1=5
DREB.1=5
away_assisted_pct=5
away_mid_range_rate=5
away_role_player_efficiency=5
away_margin_immediate=5
away_momentum_medium=4
REB.1=4
home_star_player_usage=4
away_rim_pct=4
FG3M.1=4
TOV_RANK=4
home_chemistry_index=4
away_shooting_efficiency=4
away_starting_lineup_continuity=4
MIN_RANK=4
home_momentum_medium=3
away_mental_toughness=3
home_role_player_efficiency=3
current_total=3
away_rotation_stability=3
style_clash=3
away_clutch_factor=3
away_star_player_usage=3
L=3
away_q4_avg_performance=3
shooting_advantage=3
FGA_RANK.1=3
FGM.1=3
DREB=3
home_scoring_short=3
FT_PCT.1=3
REB=3
W_PCT_RANK=2
FG_PCT_RANK.1=2
FG3M_RANK=2
DREB_RANK=2
FT_PCT_RANK.1=2
home_pressure_performance=2
away_bench_quality_score=2
away_mid_range_pct=2
AST.1=2
REB_RANK=2
home_momentum_immediate=2
line_stability=2
BLK_RANK=2
BLKA=2
home_three_point_pct=2
home_rotation_stability=2
home_starting_lineup_continuity=2
away_net_rating_starters=2
home_three_point_heavy=2
away_three_point_pct=2
away_pace_consistency=2
FTA_RANK.1=2
away_lineup_plus_minus=2
GP.1=2
away_inside_heavy=2
pace_total=2
away_momentum_trend=2
PFD=2
home_lineup_plus_minus=2
AST=2
home_avg_margin=2
FG3A_RANK=2
away_three_point_heavy=2
FG3_PCT=2
away_net_rating_bench=2
MIN_RANK.1=2
away_margin_consistency=2
home_q4_avg_performance=2
GP_RANK.1=2
home_scoring_medium=2
home_depth_chart_strength=2
FG3_PCT_RANK.1=1
FGM_RANK=1
matchup_favorability=1
home_choke_tendency=1
PTS_RANK.1=1
BLKA_RANK.1=1
home_momentum_short=1
home_rim_rate=1
W_RANK.1=1
FG3_PCT_RANK=1
GP_RANK=1
FGA_RANK=1
PTS=1
away_momentum_immediate=1
home_mid_range_rate=1
GP=1
home_bench_quality_score=1
PF_RANK.1=1
away_avg_margin=1
home_four_factors_consistency=1
AST_RANK.1=1
public_side_pct=1
home_margin_immediate=1
home_assisted_pct=1
total_movement=1
FGA.1=1
style_similarity=1
PFD_RANK=1
PFD_RANK.1=1
FTM.1=1
market_efficiency=1
OREB.1=1
home_momentum_trend=1
FGM=1
home_net_rating_bench=1
FG3A=1
home_net_rating_starters=1
home_clutch_factor=1
FTA=1
home_q4_consistency=1
home_margin_consistency=1
home_shot_versatility=1
FTM=1
away_shot_versatility=1
TOV=1
OREB_RANK=1
home_scoring_immediate=1
FTM_RANK.1=1
home_margin_short=1
home_rim_pct=1

parameters:
[boosting: gbdt]
[objective: binary]
[metric: binary_logloss]
[tree_learner: serial]
[device_type: gpu]
[data_sample_strategy: bagging]
[data: ]
[valid: ]
[num_iterations: 2000]
[learning_rate: 0.0921117]
[num_leaves: 100]
[num_threads: 0]
[seed: 42]
[deterministic: 0]
[force_col_wise: 1]
[force_row_wise: 0]
[histogram_pool_size: -1]
[max_depth: 4]
[min_data_in_leaf: 49]
[min_sum_hessian_in_leaf: 0.001]
[bagging_fraction: 0.707879]
[pos_bagging_fraction: 1]
[neg_bagging_fraction: 1]
[bagging_freq: 0]
[bagging_seed: 400]
[bagging_by_query: 0]
[feature_fraction: 0.997004]
[feature_fraction_bynode: 1]
[feature_fraction_seed: 30056]
[extra_trees: 0]
[extra_seed: 12879]
[early_stopping_round: 0]
[early_stopping_min_delta: 0]
[first_metric_only: 0]
[max_delta_step: 0]
[lambda_l1: 0.239271]
[lambda_l2: 0.10357]
[linear_lambda: 0]
[min_gain_to_split: 0]
[drop_rate: 0.1]
[max_drop: 50]
[skip_drop: 0.5]
[xgboost_dart_mode: 0]
[uniform_drop: 0]
[drop_seed: 17869]
[top_rate: 0.2]
[other_rate: 0.1]
[min_data_per_group: 100]
[max_cat_threshold: 32]
[cat_l2: 10]
[cat_smooth: 10]
[max_cat_to_onehot: 4]
[top_k: 20]
[monotone_constraints: ]
[monotone_constraints_method: basic]
[monotone_penalty: 0]
[feature_contri: ]
[forcedsplits_filename: ]
[refit_decay_rate: 0.9]
[cegb_tradeoff: 1]
[cegb_penalty_split: 0]
[cegb_penalty_feature_lazy: ]
[cegb_penalty_feature_coupled: ]
[path_smooth: 0]
[interaction_constraints: ]
[verbosity: -1]
[saved_feature_importance_type: 0]
[use_quantized_grad: 0]
[num_grad_quant_bins: 4]
[quant_train_renew_leaf: 0]
[stochastic_rounding: 1]
[linear_tree: 0]
[max_bin: 255]
[max_bin_by_feature: ]
[min_data_in_bin: 3]
[bin_construct_sample_cnt: 200000]
[data_random_seed: 175]
[is_enable_sparse: 1]
[enable_bundle: 1]
[use_missing: 1]
[zero_as_missing: 0]
[feature_pre_filter: 1]
[pre_partition: 0]
[two_round: 0]
[header: 0]
[label_column: ]
[weight_column: ]
[group_column: ]
[ignore_column: ]
[categorical_feature: ]
[forcedbins_filename: ]
[precise_float_parser: 0]
[parser_config_file: ]
[objective_seed: 16083]
[num_class: 1]
[is_unbalance: 0]
[scale_pos_weight: 1]
[sigmoid: 1]
[boost_from_average: 1]
[reg_sqrt: 0]
[alpha: 0.9]
[fair_c: 1]
[poisson_max_delta_step: 0.7]
[tweedie_variance_power: 1.5]
[lambdarank_truncation_level: 30]
[lambdarank_norm: 1]
[label_gain: ]
[lambdarank_position_bias_regularization: 0]
[eval_at: ]
[multi_error_top_k: 1]
[auc_mu_weights: ]
[num_machines: 1]
[local_listen_port: 12400]
[time_out: 120]
[machine_list_filename: ]
[machines: ]
[gpu_platform_id: -1]
[gpu_device_id: -1]
[gpu_use_dp: 0]
[num_gpu: 1]

end of parameters

pandas_categorical:[]
